0,000	3578972407,670	44,358	3578972452,029	0,110	3578972452,139	1,800	3578972453,939	0,440	3578972454,379	7,012	3578972461,392
5110,000	3578973210,881	43,381	3578973254,262	0,110	3578973254,372	1,780	3578973256,153	0,440	3578973256,593	7,011	3578973263,603
7829,000	3578973674,462	46,967	3578973721,429	0,110	3578973721,539	1,800	3578973723,339	0,440	3578973723,779	6,860	3578973730,639
9606,000	3578974104,835	37,798	3578974142,633	0,110	3578974142,743	1,820	3578974144,563	0,440	3578974145,003	6,910	3578974151,913
3803,000	3578974670,335	44,129	3578974714,464	0,110	3578974714,574	1,812	3578974716,386	0,439	3578974716,825	6,960	3578974723,785
7494,000	3578975442,268	39,671	3578975481,939	0,110	3578975482,049	1,818	3578975483,867	0,440	3578975484,307	7,211	3578975491,518
5866,000	3578976970,569	35,022	3578977005,590	0,110	3578977005,700	1,774	3578977007,474	0,440	3578977007,914	7,011	3578977014,925
905,000	3578978326,387	48,302	3578978374,689	0,110	3578978374,799	1,882	3578978376,681	0,440	3578978377,121	7,111	3578978384,232
7881,000	3578978865,569	44,702	3578978910,272	0,110	3578978910,382	1,774	3578978912,156	0,440	3578978912,596	6,960	3578978919,556
901,000	3578979445,903	42,088	3578979487,991	0,110	3578979488,101	1,802	3578979489,903	0,440	3578979490,343	6,960	3578979497,303
7836,000	3578980188,379	44,487	3578980232,866	0,110	3578980232,976	1,838	3578980234,814	0,440	3578980235,254	6,709	3578980241,963
7684,000	3578980657,746	42,411	3578980700,157	0,110	3578980700,267	1,803	3578980702,070	0,440	3578980702,511	6,761	3578980709,271
7833,000	3578981681,086	50,412	3578981731,498	0,110	3578981731,608	1,806	3578981733,415	0,440	3578981733,855	6,711	3578981740,565
7491,000	3578982156,812	42,302	3578982199,114	0,110	3578982199,224	1,909	3578982201,133	0,440	3578982201,573	6,811	3578982208,384
9601,000	3578982579,688	42,578	3578982622,266	0,110	3578982622,376	1,871	3578982624,247	0,440	3578982624,687	7,059	3578982631,746
7678,000	3578983091,606	38,298	3578983129,904	0,110	3578983130,014	1,822	3578983131,836	0,440	3578983132,276	7,120	3578983139,396
3812,000	3578983678,719	38,878	3578983717,597	0,110	3578983717,707	1,852	3578983719,559	0,440	3578983719,999	6,759	3578983726,758
9605,000	3578984144,382	41,432	3578984185,814	0,110	3578984185,924	1,802	3578984187,726	0,440	3578984188,166	7,110	3578984195,276
3805,000	3578984696,928	48,823	3578984745,751	0,110	3578984745,861	1,828	3578984747,689	0,440	3578984748,129	6,770	3578984754,899
3799,000	3578985334,089	45,203	3578985379,291	0,110	3578985379,401	1,774	3578985381,175	0,440	3578985381,615	7,160	3578985388,775
3808,000	3578985844,626	44,182	3578985888,808	0,109	3578985888,917	1,773	3578985890,690	0,440	3578985891,130	6,861	3578985897,991
9613,000	3578988131,948	41,312	3578988173,261	0,110	3578988173,371	1,820	3578988175,191	0,440	3578988175,631	6,710	3578988182,340
3818,000	3578993032,830	35,932	3578993068,761	0,110	3578993068,871	1,762	3578993070,633	0,440	3578993071,073	6,860	3578993077,933
7679,000	3578993525,531	47,032	3578993572,563	0,110	3578993572,673	1,790	3578993574,463	0,440	3578993574,903	7,008	3578993581,911
7492,000	3578994162,139	39,619	3578994201,758	0,110	3578994201,868	1,800	3578994203,668	0,440	3578994204,108	6,810	3578994210,918
3820,000	3578994505,574	38,697	3578994544,271	0,110	3578994544,381	1,820	3578994546,201	0,440	3578994546,641	7,010	3578994553,651
9604,000	3578994935,268	37,752	3578994973,020	0,110	3578994973,130	1,752	3578994974,882	0,440	3578994975,322	6,760	3578994982,081
7835,000	3578996718,815	35,522	3578996754,337	0,110	3578996754,447	1,770	3578996756,217	0,440	3578996756,657	7,060	3578996763,717
7678,000	3578998413,579	35,072	3578998448,650	0,110	3578998448,760	1,810	3578998450,570	0,440	3578998451,010	6,861	3578998457,871
5866,000	3578998983,584	34,671	3578999018,255	0,110	3578999018,365	1,780	3578999020,145	0,440	3578999020,585	7,061	3578999027,646
7496,000	3578999633,741	38,033	3578999671,773	0,110	3578999671,883	1,740	3578999673,624	0,440	3578999674,064	7,111	3578999681,174
9603,000	3579001494,451	40,388	3579001534,839	0,110	3579001534,949	1,779	3579001536,728	0,440	3579001537,168	7,010	3579001544,178
9605,000	3579001917,251	37,348	3579001954,599	0,110	3579001954,709	1,799	3579001956,508	0,440	3579001956,948	7,110	3579001964,058
7681,000	3579002672,314	49,023	3579002721,337	0,110	3579002721,447	1,742	3579002723,189	0,440	3579002723,629	7,101	3579002730,730
9606,000	3579003120,641	38,094	3579003158,734	0,110	3579003158,844	1,811	3579003160,656	0,440	3579003161,096	7,161	3579003168,256
901,000	3579003811,287	40,483	3579003851,770	0,110	3579003851,880	1,800	3579003853,680	0,440	3579003854,120	6,811	3579003860,931
5110,000	3579004731,337	38,838	3579004770,175	0,110	3579004770,285	1,750	3579004772,035	0,440	3579004772,475	6,860	3579004779,335
7836,000	3579005429,108	47,833	3579005476,940	0,110	3579005477,050	1,801	3579005478,851	0,440	3579005479,292	7,161	3579005486,452
910,000	3579005935,277	38,853	3579005974,130	0,110	3579005974,240	1,780	3579005976,020	0,440	3579005976,460	7,110	3579005983,570
3793,000	3579006635,565	43,451	3579006679,016	0,110	3579006679,126	1,780	3579006680,907	0,440	3579006681,347	7,061	3579006688,407
3812,000	3579007045,433	40,062	3579007085,495	0,110	3579007085,605	1,711	3579007087,316	0,440	3579007087,756	7,111	3579007094,867
3797,000	3579008019,416	44,347	3579008063,763	0,110	3579008063,873	1,820	3579008065,693	0,440	3579008066,133	6,910	3579008073,043
3794,000	3579008448,574	39,628	3579008488,202	0,110	3579008488,312	1,901	3579008490,213	0,440	3579008490,653	7,059	3579008497,712
3803,000	3579008926,961	48,452	3579008975,413	0,110	3579008975,523	1,815	3579008977,338	0,440	3579008977,778	7,059	3579008984,837
7824,000	3579009373,657	45,003	3579009418,661	0,110	3579009418,771	1,910	3579009420,681	0,440	3579009421,121	7,210	3579009428,331
7491,000	3579009842,963	39,412	3579009882,375	0,110	3579009882,485	1,820	3579009884,305	0,440	3579009884,745	7,011	3579009891,756
7829,000	3579010391,682	43,066	3579010434,748	0,110	3579010434,858	1,769	3579010436,628	0,440	3579010437,068	7,061	3579010444,128
9601,000	3579010815,409	40,331	3579010855,740	0,110	3579010855,850	1,845	3579010857,695	0,440	3579010858,135	7,111	3579010865,245
7679,000	3579012216,048	39,638	3579012255,686	0,110	3579012255,796	1,872	3579012257,668	0,440	3579012258,108	7,010	3579012265,118
905,000	3579012769,142	43,662	3579012812,804	0,110	3579012812,914	1,789	3579012814,703	0,440	3579012815,143	7,011	3579012822,154
7488,000	3579013226,217	41,003	3579013267,220	0,110	3579013267,330	1,800	3579013269,130	0,440	3579013269,570	7,061	3579013276,631
9613,000	3579013580,389	39,481	3579013619,870	0,110	3579013619,980	1,860	3579013621,840	0,440	3579013622,280	7,111	3579013629,391
7881,000	3579014341,686	39,292	3579014380,978	0,110	3579014381,088	1,840	3579014382,928	0,440	3579014383,368	6,960	3579014390,328
3808,000	3579014816,946	45,592	3579014862,537	0,110	3579014862,647	1,750	3579014864,397	0,440	3579014864,837	7,261	3579014872,098
1867,000	3579015838,508	39,330	3579015877,838	0,110	3579015877,948	1,821	3579015879,769	0,440	3579015880,209	7,010	3579015887,219
7494,000	3579016952,310	44,102	3579016996,412	0,110	3579016996,522	1,820	3579016998,342	0,440	3579016998,782	7,111	3579017005,893
3799,000	3579017489,994	46,222	3579017536,216	0,110	3579017536,326	1,790	3579017538,116	0,440	3579017538,556	7,161	3579017545,717
5866,000	3579018636,412	34,935	3579018671,347	0,110	3579018671,457	1,800	3579018673,256	0,440	3579018673,696	7,009	3579018680,706
3805,000	3579019146,245	42,068	3579019188,313	0,110	3579019188,423	1,830	3579019190,253	0,440	3579019190,693	7,110	3579019197,803
9605,000	3579019640,863	38,548	3579019679,411	0,110	3579019679,521	1,850	3579019681,371	0,440	3579019681,811	7,009	3579019688,820
7684,000	3579021802,945	34,703	3579021837,648	0,110	3579021837,758	1,720	3579021839,478	0,440	3579021839,918	6,911	3579021846,829
7492,000	3579022299,144	39,778	3579022338,922	0,110	3579022339,032	1,850	3579022340,882	0,440	3579022341,322	6,960	3579022348,282
3818,000	3579022828,880	40,097	3579022868,977	0,110	3579022869,087	1,760	3579022870,847	0,440	3579022871,287	7,010	3579022878,297
7833,000	3579023638,567	50,052	3579023688,619	0,110	3579023688,729	1,820	3579023690,549	0,440	3579023690,989	7,061	3579023698,050
3820,000	3579024164,704	40,432	3579024205,136	0,110	3579024205,246	1,822	3579024207,068	0,440	3579024207,508	6,950	3579024214,458
9604,000	3579024922,805	38,032	3579024960,837	0,110	3579024960,947	1,800	3579024962,747	0,440	3579024963,187	7,061	3579024970,248
7496,000	3579027432,725	40,233	3579027472,958	0,110	3579027473,068	1,830	3579027474,898	0,440	3579027475,338	7,160	3579027482,498
7679,000	3579028453,523	38,033	3579028491,556	0,110	3579028491,666	1,840	3579028493,506	0,440	3579028493,946	7,310	3579028501,256
901,000	3579029840,213	40,558	3579029880,771	0,110	3579029880,881	1,830	3579029882,711	0,440	3579029883,151	7,010	3579029890,161
7836,000	3579030883,769	47,204	3579030930,973	0,110	3579030931,083	1,831	3579030932,914	0,440	3579030933,354	7,011	3579030940,365
7678,000	3579031344,474	41,241	3579031385,715	0,110	3579031385,825	1,850	3579031387,675	0,440	3579031388,115	7,121	3579031395,236
7681,000	3579033781,126	42,148	3579033823,274	0,110	3579033823,384	1,841	3579033825,225	0,440	3579033825,665	7,209	3579033832,874
910,000	3579035687,140	38,389	3579035725,529	0,110	3579035725,639	1,830	3579035727,469	0,440	3579035727,909	7,009	3579035734,918
7824,000	3579036928,008	38,676	3579036966,684	0,110	3579036966,794	1,790	3579036968,584	0,440	3579036969,024	6,910	3579036975,935
3812,000	3579037551,021	43,181	3579037594,202	0,110	3579037594,312	1,810	3579037596,122	0,440	3579037596,562	7,311	3579037603,873
9606,000	3579038163,285	40,521	3579038203,806	0,110	3579038203,916	1,790	3579038205,706	0,440	3579038206,146	7,311	3579038213,457
5110,000	3579039204,370	40,062	3579039244,432	0,110	3579039244,542	1,810	3579039246,352	0,440	3579039246,792	7,110	3579039253,902
3803,000	3579040796,780	46,458	3579040843,238	0,110	3579040843,348	1,841	3579040845,189	0,440	3579040845,629	7,360	3579040852,989
3797,000	3579041378,105	42,597	3579041420,702	0,110	3579041420,812	1,799	3579041422,611	0,440	3579041423,051	7,410	3579041430,461
3808,000	3579041925,686	44,938	3579041970,624	0,110	3579041970,734	1,840	3579041972,574	0,440	3579041973,014	7,159	3579041980,173
9605,000	3579042579,193	40,278	3579042619,471	0,110	3579042619,581	1,810	3579042621,391	0,440	3579042621,831	7,109	3579042628,940
9603,000	3579043431,487	38,085	3579043469,572	0,110	3579043469,682	1,856	3579043471,538	0,440	3579043471,978	7,167	3579043479,145
7494,000	3579043887,638	36,475	3579043924,113	0,110	3579043924,223	1,838	3579043926,060	0,440	3579043926,501	7,018	3579043933,518
9613,000	3579044480,596	40,535	3579044521,131	0,110	3579044521,241	1,787	3579044523,028	0,440	3579044523,468	7,007	3579044530,475
7488,000	3579046928,115	40,502	3579046968,617	0,110	3579046968,727	1,850	3579046970,578	0,440	3579046971,018	7,160	3579046978,177
905,000	3579047609,050	45,844	3579047654,895	0,110	3579047655,005	1,800	3579047656,804	0,440	3579047657,244	7,208	3579047664,453
3793,000	3579048539,427	46,707	3579048586,134	0,110	3579048586,244	1,750	3579048587,994	0,440	3579048588,434	7,310	3579048595,744
7491,000	3579049102,961	43,382	3579049146,343	0,110	3579049146,453	1,820	3579049148,273	0,440	3579049148,713	7,161	3579049155,874
5866,000	3579049449,289	37,412	3579049486,701	0,110	3579049486,811	1,823	3579049488,634	0,440	3579049489,074	7,260	3579049496,334
9601,000	3579049956,860	42,062	3579049998,922	0,110	3579049999,032	1,780	3579050000,813	0,439	3579050001,252	7,311	3579050008,562
901,000	3579050648,706	40,192	3579050688,898	0,110	3579050689,008	1,780	3579050690,789	0,440	3579050691,229	7,261	3579050698,489
3820,000	3579053077,310	36,631	3579053113,941	0,110	3579053114,051	1,760	3579053115,811	0,440	3579053116,251	7,061	3579053123,312
7836,000	3579053769,639	47,192	3579053816,830	0,110	3579053816,940	1,800	3579053818,740	0,440	3579053819,180	7,111	3579053826,291
3818,000	3579054268,846	40,932	3579054309,779	0,110	3579054309,889	1,780	3579054311,669	0,440	3579054312,109	7,111	3579054319,219
7496,000	3579055053,893	52,558	3579055106,451	0,110	3579055106,561	1,830	3579055108,391	0,440	3579055108,831	7,370	3579055116,201
7835,000	3579056085,144	22,310	3579056107,454	0,110	3579056107,564	1,790	3579056109,354	0,440	3579056109,795	7,261	3579056117,055
7679,000	3579057582,930	42,702	3579057625,632	0,110	3579057625,742	1,770	3579057627,512	0,440	3579057627,952	7,111	3579057635,063
7829,000	3579058110,849	53,927	3579058164,776	0,110	3579058164,886	1,760	3579058166,646	0,440	3579058167,086	7,161	3579058174,247
3812,000	3579058713,066	39,898	3579058752,964	0,110	3579058753,074	1,750	3579058754,824	0,440	3579058755,264	7,109	3579058762,373
7881,000	3579059260,150	45,907	3579059306,057	0,110	3579059306,167	1,830	3579059307,997	0,440	3579059308,437	7,310	3579059315,747
3794,000	3579059781,231	44,982	3579059826,213	0,110	3579059826,323	1,839	3579059828,162	0,440	3579059828,602	7,411	3579059836,013
7684,000	3579060174,505	37,612	3579060212,117	0,110	3579060212,227	1,750	3579060213,977	0,440	3579060214,417	7,161	3579060221,578
9605,000	3579060638,609	39,212	3579060677,821	0,110	3579060677,931	1,810	3579060679,741	0,440	3579060680,182	7,361	3579060687,542
3799,000	3579061119,726	53,282	3579061173,009	0,110	3579061173,119	1,699	3579061174,818	0,440	3579061175,258	7,311	3579061182,569
7681,000	3579061438,652	38,272	3579061476,924	0,110	3579061477,034	1,800	3579061478,834	0,440	3579061479,274	7,161	3579061486,435
1867,000	3579062452,111	38,568	3579062490,679	0,110	3579062490,789	1,840	3579062492,629	0,440	3579062493,069	7,210	3579062500,279
3803,000	3579062987,310	38,909	3579063026,219	0,110	3579063026,329	1,769	3579063028,098	0,440	3579063028,538	7,010	3579063035,548
7678,000	3579063561,143	50,892	3579063612,035	0,110	3579063612,145	1,891	3579063614,036	0,440	3579063614,476	7,260	3579063621,736
3805,000	3579064096,414	49,692	3579064146,106	0,110	3579064146,216	1,850	3579064148,066	0,440	3579064148,506	7,261	3579064155,767
9604,000	3579064533,007	41,123	3579064574,130	0,110	3579064574,240	1,788	3579064576,028	0,440	3579064576,468	7,010	3579064583,478
7492,000	3579065032,072	48,632	3579065080,704	0,110	3579065080,814	1,790	3579065082,604	0,440	3579065083,044	7,310	3579065090,354
9603,000	3579065892,818	38,127	3579065930,945	0,110	3579065931,055	1,780	3579065932,835	0,440	3579065933,275	7,210	3579065940,485
7833,000	3579066547,159	49,017	3579066596,176	0,110	3579066596,286	1,860	3579066598,146	0,440	3579066598,586	6,960	3579066605,546
9613,000	3579066939,063	36,973	3579066976,036	0,110	3579066976,146	1,810	3579066977,956	0,440	3579066978,396	7,211	3579066985,607
9606,000	3579067710,004	39,172	3579067749,176	0,110	3579067749,286	1,810	3579067751,096	0,440	3579067751,536	7,161	3579067758,697
3808,000	3579068976,092	44,389	3579069020,481	0,110	3579069020,591	1,850	3579069022,441	0,440	3579069022,880	7,158	3579069030,039
5866,000	3579069348,308	35,308	3579069383,616	0,110	3579069383,726	1,820	3579069385,546	0,440	3579069385,986	7,259	3579069393,245
7494,000	3579069850,894	37,508	3579069888,402	0,110	3579069888,512	1,800	3579069890,312	0,440	3579069890,752	7,209	3579069897,961
901,000	3579070846,085	40,902	3579070886,987	0,110	3579070887,097	1,830	3579070888,927	0,440	3579070889,367	7,260	3579070896,627
3797,000	3579071372,753	40,382	3579071413,135	0,110	3579071413,245	1,750	3579071414,995	0,440	3579071415,435	7,110	3579071422,545
5110,000	3579072517,904	39,872	3579072557,776	0,110	3579072557,886	1,810	3579072559,696	0,440	3579072560,136	7,411	3579072567,547
7824,000	3579073092,410	46,167	3579073138,577	0,110	3579073138,687	1,780	3579073140,467	0,440	3579073140,907	7,210	3579073148,117
7836,000	3579075146,317	43,213	3579075189,530	0,110	3579075189,640	1,850	3579075191,490	0,440	3579075191,930	7,110	3579075199,040
910,000	3579075630,213	43,102	3579075673,316	0,110	3579075673,426	1,830	3579075675,256	0,440	3579075675,696	7,261	3579075682,957
9601,000	3579076069,566	40,072	3579076109,638	0,110	3579076109,748	1,780	3579076111,528	0,440	3579076111,968	7,111	3579076119,079
905,000	3579076672,176	42,438	3579076714,614	0,110	3579076714,724	1,749	3579076716,473	0,440	3579076716,913	7,210	3579076724,123
7488,000	3579079252,212	34,921	3579079287,134	0,110	3579079287,244	2,020	3579079289,264	0,440	3579079289,704	7,111	3579079296,815
9605,000	3579079647,218	38,782	3579079686,000	0,110	3579079686,110	1,770	3579079687,880	0,439	3579079688,319	7,311	3579079695,630
3812,000	3579080106,441	38,927	3579080145,368	0,110	3579080145,478	1,760	3579080147,238	0,440	3579080147,678	7,160	3579080154,838
3818,000	3579080718,573	38,644	3579080757,217	0,110	3579080757,327	1,880	3579080759,207	0,440	3579080759,647	7,160	3579080766,807
7491,000	3579081222,066	40,077	3579081262,143	0,110	3579081262,253	1,870	3579081264,123	0,440	3579081264,563	7,360	3579081271,923
3820,000	3579086299,678	38,143	3579086337,821	0,110	3579086337,931	1,740	3579086339,671	0,440	3579086340,111	7,361	3579086347,472
7681,000	3579086629,027	37,131	3579086666,158	0,110	3579086666,268	1,720	3579086667,988	0,440	3579086668,428	7,211	3579086675,639
7678,000	3579087161,513	39,984	3579087201,497	0,110	3579087201,607	1,770	3579087203,376	0,440	3579087203,816	7,408	3579087211,225
7679,000	3579087797,409	45,687	3579087843,096	0,110	3579087843,206	1,770	3579087844,976	0,440	3579087845,416	7,310	3579087852,726
3803,000	3579088457,998	43,198	3579088501,196	0,110	3579088501,306	1,833	3579088503,140	0,440	3579088503,580	7,361	3579088510,940
7835,000	3579089261,833	35,772	3579089297,605	0,110	3579089297,715	1,851	3579089299,566	0,440	3579089300,006	7,370	3579089307,376
3793,000	3579091116,744	41,378	3579091158,122	0,110	3579091158,232	1,810	3579091160,042	0,440	3579091160,482	7,160	3579091167,642
7496,000	3579091627,610	44,337	3579091671,947	0,110	3579091672,057	1,760	3579091673,817	0,440	3579091674,257	7,160	3579091681,417
7829,000	3579092055,756	41,182	3579092096,938	0,110	3579092097,048	1,730	3579092098,778	0,440	3579092099,218	6,961	3579092106,179
9613,000	3579092557,052	38,523	3579092595,575	0,110	3579092595,685	1,810	3579092597,495	0,440	3579092597,935	7,111	3579092605,046
901,000	3579093136,137	39,062	3579093175,199	0,110	3579093175,309	1,760	3579093177,069	0,440	3579093177,509	7,161	3579093184,670
7836,000	3579093613,756	40,473	3579093654,229	0,110	3579093654,339	1,800	3579093656,139	0,440	3579093656,579	7,110	3579093663,689
9606,000	3579094009,390	37,512	3579094046,902	0,110	3579094047,012	1,740	3579094048,752	0,440	3579094049,192	7,161	3579094056,353
9605,000	3579096881,690	37,582	3579096919,272	0,110	3579096919,382	1,800	3579096921,182	0,440	3579096921,622	7,000	3579096928,622
3799,000	3579097313,273	48,893	3579097362,165	0,110	3579097362,275	1,771	3579097364,047	0,439	3579097364,486	7,011	3579097371,496
3808,000	3579097830,955	44,094	3579097875,048	0,110	3579097875,158	1,740	3579097876,898	0,440	3579097877,338	7,109	3579097884,447
7494,000	3579098505,346	39,158	3579098544,504	0,110	3579098544,614	1,781	3579098546,395	0,440	3579098546,835	7,309	3579098554,144
3794,000	3579098956,505	39,778	3579098996,283	0,110	3579098996,393	1,830	3579098998,223	0,440	3579098998,663	7,310	3579099005,974
9603,000	3579099869,239	39,792	3579099909,031	0,110	3579099909,141	1,810	3579099910,951	0,440	3579099911,391	7,160	3579099918,551
3812,000	3579100301,327	40,741	3579100342,068	0,110	3579100342,178	1,850	3579100344,029	0,440	3579100344,469	7,011	3579100351,479
5866,000	3579101033,195	37,791	3579101070,986	0,110	3579101071,096	1,760	3579101072,856	0,440	3579101073,296	7,211	3579101080,507
7684,000	3579101677,545	37,548	3579101715,093	0,110	3579101715,203	1,850	3579101717,053	0,440	3579101717,493	7,109	3579101724,602
7824,000	3579102423,770	37,158	3579102460,928	0,110	3579102461,038	1,820	3579102462,858	0,440	3579102463,298	7,409	3579102470,707
3805,000	3579102899,188	46,002	3579102945,190	0,110	3579102945,300	1,818	3579102947,118	0,440	3579102947,558	7,309	3579102954,867
7881,000	3579103356,212	43,372	3579103399,584	0,110	3579103399,694	1,790	3579103401,484	0,440	3579103401,924	7,311	3579103409,235
7492,000	3579103790,118	45,893	3579103836,011	0,110	3579103836,121	1,830	3579103837,951	0,440	3579103838,391	7,211	3579103845,602
9601,000	3579104212,444	40,042	3579104252,486	0,110	3579104252,596	1,829	3579104254,426	0,440	3579104254,866	7,411	3579104262,276
3797,000	3579104623,850	42,412	3579104666,262	0,110	3579104666,372	1,820	3579104668,192	0,440	3579104668,632	7,360	3579104675,992
9604,000	3579105104,322	42,423	3579105146,745	0,110	3579105146,855	1,730	3579105148,585	0,440	3579105149,025	7,499	3579105156,524
7833,000	3579106153,463	46,187	3579106199,650	0,110	3579106199,760	1,852	3579106201,612	0,440	3579106202,052	7,361	3579106209,413
5110,000	3579108578,914	35,219	3579108614,133	0,110	3579108614,243	1,770	3579108616,013	0,440	3579108616,453	7,358	3579108623,811
7488,000	3579109008,892	38,548	3579109047,440	0,110	3579109047,550	1,801	3579109049,351	0,440	3579109049,791	7,310	3579109057,101
905,000	3579109536,431	44,838	3579109581,269	0,110	3579109581,379	1,790	3579109583,169	0,440	3579109583,609	7,109	3579109590,718
1867,000	3579111111,122	40,523	3579111151,645	0,110	3579111151,755	1,862	3579111153,617	0,440	3579111154,058	7,461	3579111161,518
7836,000	3579112895,924	42,948	3579112938,872	0,110	3579112938,982	1,790	3579112940,772	0,440	3579112941,212	7,509	3579112948,721
7678,000	3579113520,240	40,573	3579113560,813	0,110	3579113560,923	1,810	3579113562,733	0,440	3579113563,173	7,361	3579113570,534
910,000	3579114401,214	41,587	3579114442,801	0,110	3579114442,911	1,809	3579114444,721	0,440	3579114445,161	7,463	3579114452,623
7496,000	3579114800,882	37,122	3579114838,004	0,110	3579114838,114	1,820	3579114839,934	0,440	3579114840,374	7,411	3579114847,785
9605,000	3579115367,736	38,002	3579115405,738	0,110	3579115405,848	1,809	3579115407,657	0,440	3579115408,097	7,311	3579115415,408
7681,000	3579116575,080	40,467	3579116615,547	0,110	3579116615,657	1,840	3579116617,497	0,440	3579116617,937	7,410	3579116625,347
3803,000	3579118094,342	42,631	3579118136,973	0,110	3579118137,083	1,761	3579118138,844	0,440	3579118139,284	7,261	3579118146,545
3808,000	3579118672,752	39,781	3579118712,533	0,110	3579118712,643	1,830	3579118714,474	0,440	3579118714,914	7,511	3579118722,424
3820,000	3579119192,153	42,782	3579119234,936	0,110	3579119235,046	1,799	3579119236,845	0,440	3579119237,285	7,161	3579119244,446
3818,000	3579119982,068	44,207	3579120026,275	0,110	3579120026,385	1,800	3579120028,185	0,440	3579120028,625	7,410	3579120036,035
901,000	3579121200,317	45,073	3579121245,390	0,110	3579121245,500	1,829	3579121247,329	0,440	3579121247,769	7,511	3579121255,280
7679,000	3579121720,447	47,445	3579121767,892	0,110	3579121768,002	1,801	3579121769,803	0,440	3579121770,243	7,360	3579121777,603
9613,000	3579122138,837	38,472	3579122177,309	0,110	3579122177,419	1,901	3579122179,320	0,440	3579122179,760	7,411	3579122187,171
3812,000	3579122705,777	39,502	3579122745,279	0,110	3579122745,389	1,800	3579122747,189	0,440	3579122747,629	7,411	3579122755,040
7494,000	3579125542,022	38,742	3579125580,764	0,110	3579125580,874	1,819	3579125582,693	0,440	3579125583,133	7,361	3579125590,494
7824,000	3579126875,002	40,324	3579126915,326	0,110	3579126915,436	1,860	3579126917,296	0,440	3579126917,736	7,510	3579126925,246
9606,000	3579127276,520	39,998	3579127316,518	0,110	3579127316,628	1,840	3579127318,468	0,440	3579127318,908	7,360	3579127326,268
5866,000	3579128267,637	37,403	3579128305,040	0,110	3579128305,150	1,761	3579128306,911	0,440	3579128307,351	7,210	3579128314,561
9603,000	3579131337,077	38,048	3579131375,125	0,110	3579131375,235	1,806	3579131377,041	0,440	3579131377,481	7,214	3579131384,695
7829,000	3579134364,406	44,318	3579134408,724	0,110	3579134408,834	1,801	3579134410,635	0,440	3579134411,075	7,249	3579134418,324
9605,000	3579134904,893	39,519	3579134944,412	0,110	3579134944,522	1,781	3579134946,303	0,440	3579134946,743	7,209	3579134953,952
7492,000	3579135298,216	40,851	3579135339,067	0,110	3579135339,177	1,741	3579135340,918	0,440	3579135341,358	7,461	3579135348,819
3797,000	3579135844,665	40,662	3579135885,327	0,110	3579135885,437	1,850	3579135887,287	0,440	3579135887,727	7,211	3579135894,938
7491,000	3579136380,516	44,952	3579136425,469	0,110	3579136425,579	1,830	3579136427,409	0,440	3579136427,849	7,311	3579136435,160
9601,000	3579136798,142	40,482	3579136838,624	0,110	3579136838,734	1,790	3579136840,524	0,440	3579136840,964	7,571	3579136848,535
3805,000	3579137534,858	43,518	3579137578,376	0,110	3579137578,486	1,850	3579137580,336	0,440	3579137580,776	7,310	3579137588,086
3799,000	3579142160,960	52,537	3579142213,497	0,110	3579142213,607	2,431	3579142216,038	0,440	3579142216,478	7,350	3579142223,828
7684,000	3579143011,414	20,060	3579143031,474	0,110	3579143031,584	1,902	3579143033,486	0,440	3579143033,926	7,561	3579143041,487
7835,000	3579148367,499	41,038	3579148408,537	0,110	3579148408,647	1,790	3579148410,437	0,440	3579148410,877	7,209	3579148418,086
901,000	3579151211,431	46,762	3579151258,193	0,110	3579151258,303	2,010	3579151260,313	0,440	3579151260,753	7,261	3579151268,014
9603,000	3579153157,995	19,899	3579153177,894	0,110	3579153178,004	1,860	3579153179,864	0,440	3579153180,304	7,110	3579153187,414
9605,000	3579156445,746	22,001	3579156467,748	0,110	3579156467,858	1,831	3579156469,689	0,440	3579156470,129	7,310	3579156477,439
9606,000	3579158762,050	20,981	3579158783,031	0,110	3579158783,141	1,749	3579158784,890	0,440	3579158785,330	7,261	3579158792,591
9601,000	3579161692,433	37,402	3579161729,835	0,110	3579161729,945	1,810	3579161731,755	0,440	3579161732,195	7,210	3579161739,405
7492,000	3579162063,849	38,462	3579162102,311	0,110	3579162102,421	1,800	3579162104,221	0,440	3579162104,661	7,260	3579162111,921
7824,000	3579163704,150	45,927	3579163750,077	0,110	3579163750,187	1,780	3579163751,967	0,440	3579163752,407	7,160	3579163759,567
3812,000	3579166057,076	35,402	3579166092,477	0,110	3579166092,587	1,730	3579166094,317	0,440	3579166094,757	7,361	3579166102,118
9613,000	3579168402,320	37,503	3579168439,823	0,110	3579168439,933	1,760	3579168441,693	0,440	3579168442,133	7,301	3579168449,434
7679,000	3579168972,062	43,001	3579169015,063	0,110	3579169015,173	1,790	3579169016,964	0,440	3579169017,404	7,411	3579169024,814
7491,000	3579170866,221	36,253	3579170902,474	0,110	3579170902,584	1,824	3579170904,408	0,440	3579170904,848	7,211	3579170912,059
7829,000	3579171937,219	40,902	3579171978,121	0,110	3579171978,231	1,821	3579171980,052	0,440	3579171980,492	7,360	3579171987,852
7496,000	3579172666,752	38,342	3579172705,093	0,110	3579172705,203	1,830	3579172707,034	0,440	3579172707,474	7,311	3579172714,784
3803,000	3579174711,071	46,062	3579174757,133	0,110	3579174757,243	1,721	3579174758,964	0,440	3579174759,404	7,310	3579174766,714
7881,000	3579175204,297	37,042	3579175241,338	0,110	3579175241,448	1,831	3579175243,279	0,440	3579175243,719	7,261	3579175250,980
9605,000	3579175725,239	38,071	3579175763,309	0,110	3579175763,419	1,780	3579175765,200	0,440	3579175765,640	7,311	3579175772,950
3820,000	3579176044,466	37,792	3579176082,257	0,110	3579176082,367	1,750	3579176084,117	0,440	3579176084,558	7,421	3579176091,978
3805,000	3579176542,955	45,942	3579176588,897	0,110	3579176589,007	1,830	3579176590,837	0,440	3579176591,277	7,111	3579176598,388
5866,000	3579176919,258	35,772	3579176955,030	0,110	3579176955,140	1,720	3579176956,860	0,440	3579176957,300	7,111	3579176964,411
7678,000	3579177604,631	45,758	3579177650,389	0,110	3579177650,499	1,770	3579177652,269	0,440	3579177652,709	7,210	3579177659,919
5110,000	3579178329,362	37,941	3579178367,303	0,110	3579178367,413	1,780	3579178369,193	0,440	3579178369,633	7,211	3579178376,844
1867,000	3579179519,613	44,573	3579179564,186	0,110	3579179564,297	1,750	3579179566,047	0,440	3579179566,487	7,210	3579179573,696
3808,000	3579179963,337	44,472	3579180007,810	0,110	3579180007,920	1,700	3579180009,620	0,440	3579180010,060	7,011	3579180017,071
9604,000	3579180426,427	39,701	3579180466,128	0,110	3579180466,238	1,800	3579180468,038	0,440	3579180468,478	7,061	3579180475,539
901,000	3579181073,110	44,407	3579181117,517	0,110	3579181117,627	1,760	3579181119,387	0,440	3579181119,827	7,050	3579181126,877
7836,000	3579181500,263	45,318	3579181545,581	0,110	3579181545,691	1,770	3579181547,461	0,439	3579181547,900	7,060	3579181554,960
7681,000	3579181978,285	40,563	3579182018,848	0,110	3579182018,958	1,789	3579182020,747	0,440	3579182021,187	7,211	3579182028,398
910,000	3579182647,084	38,761	3579182685,845	0,110	3579182685,955	1,830	3579182687,785	0,440	3579182688,225	7,161	3579182695,386
7488,000	3579183131,880	41,342	3579183173,222	0,110	3579183173,332	1,769	3579183175,102	0,440	3579183175,542	7,061	3579183182,602
3793,000	3579183808,913	43,252	3579183852,165	0,110	3579183852,275	1,760	3579183854,035	0,440	3579183854,476	7,110	3579183861,585
3797,000	3579184256,954	47,988	3579184304,942	0,110	3579184305,052	1,740	3579184306,792	0,440	3579184307,232	7,009	3579184314,241
9603,000	3579185044,930	39,100	3579185084,030	0,110	3579185084,140	1,800	3579185085,940	0,440	3579185086,380	7,010	3579185093,390
9606,000	3579185455,188	39,265	3579185494,453	0,110	3579185494,563	1,820	3579185496,383	0,440	3579185496,823	6,910	3579185503,732
3799,000	3579186519,104	49,242	3579186568,346	0,110	3579186568,456	1,820	3579186570,276	0,440	3579186570,716	7,011	3579186577,727
3812,000	3579186974,451	38,922	3579187013,373	0,110	3579187013,483	1,720	3579187015,204	0,440	3579187015,644	6,950	3579187022,593
7684,000	3579187430,500	37,992	3579187468,492	0,110	3579187468,602	1,760	3579187470,362	0,440	3579187470,802	6,960	3579187477,762
3794,000	3579187940,173	40,944	3579187981,117	0,110	3579187981,227	1,779	3579187983,005	0,440	3579187983,445	7,209	3579187990,655
3818,000	3579188703,750	41,608	3579188745,358	0,110	3579188745,468	1,780	3579188747,248	0,440	3579188747,688	7,359	3579188755,047
9601,000	3579189061,143	37,092	3579189098,235	0,110	3579189098,345	1,790	3579189100,135	0,439	3579189100,574	7,311	3579189107,885
905,000	3579189536,075	45,192	3579189581,266	0,110	3579189581,376	1,830	3579189583,206	0,440	3579189583,646	7,070	3579189590,716
9613,000	3579189958,470	36,503	3579189994,973	0,110	3579189995,083	1,740	3579189996,823	0,440	3579189997,263	7,261	3579190004,523
7494,000	3579190663,228	42,882	3579190706,111	0,110	3579190706,221	1,730	3579190707,951	0,440	3579190708,391	7,210	3579190715,601
7833,000	3579192319,881	44,538	3579192364,419	0,110	3579192364,529	1,820	3579192366,349	0,440	3579192366,789	7,409	3579192374,198
7824,000	3579198209,155	38,911	3579198248,066	0,110	3579198248,176	1,780	3579198249,956	0,440	3579198250,396	7,211	3579198257,607
7492,000	3579198636,427	43,924	3579198680,351	0,110	3579198680,461	1,749	3579198682,209	0,440	3579198682,649	7,159	3579198689,809
7679,000	3579199260,210	46,298	3579199306,508	0,110	3579199306,618	1,780	3579199308,398	0,440	3579199308,838	7,310	3579199316,148
9605,000	3579199893,271	40,898	3579199934,169	0,110	3579199934,279	1,840	3579199936,119	0,440	3579199936,559	7,060	3579199943,619
5866,000	3579200308,315	35,473	3579200343,787	0,110	3579200343,897	1,720	3579200345,618	0,440	3579200346,058	7,261	3579200353,318
3803,000	3579201034,811	42,551	3579201077,363	0,110	3579201077,473	1,779	3579201079,252	0,440	3579201079,692	7,111	3579201086,803
7836,000	3579203385,584	44,021	3579203429,605	0,110	3579203429,715	1,760	3579203431,475	0,440	3579203431,915	7,211	3579203439,126
7496,000	3579205546,059	42,612	3579205588,671	0,110	3579205588,781	1,791	3579205590,572	0,440	3579205591,012	7,361	3579205598,373
5110,000	3579207264,150	38,071	3579207302,221	0,110	3579207302,331	1,790	3579207304,121	0,440	3579207304,561	7,661	3579207312,222
3820,000	3579208118,833	40,551	3579208159,384	0,110	3579208159,494	1,821	3579208161,315	0,440	3579208161,755	7,561	3579208169,316
7681,000	3579209367,232	39,901	3579209407,133	0,110	3579209407,243	1,770	3579209409,013	0,440	3579209409,453	7,508	3579209416,961
901,000	3579210052,157	46,957	3579210099,114	0,110	3579210099,224	1,770	3579210100,994	0,440	3579210101,434	7,260	3579210108,694
7491,000	3579210865,542	38,511	3579210904,053	0,110	3579210904,163	1,810	3579210905,973	0,440	3579210906,413	7,311	3579210913,724
3808,000	3579212667,212	47,782	3579212714,994	0,110	3579212715,104	1,800	3579212716,904	0,440	3579212717,344	7,361	3579212724,705
9606,000	3579213825,694	38,308	3579213864,002	0,110	3579213864,112	1,800	3579213865,912	0,440	3579213866,352	7,210	3579213873,562
7678,000	3579214548,355	48,713	3579214597,068	0,110	3579214597,178	1,810	3579214598,988	0,440	3579214599,428	7,161	3579214606,589
7488,000	3579215585,623	37,740	3579215623,362	0,110	3579215623,472	1,761	3579215625,234	0,440	3579215625,674	7,261	3579215632,934
910,000	3579216096,230	40,266	3579216136,496	0,110	3579216136,606	1,797	3579216138,403	0,440	3579216138,843	7,309	3579216146,152
9613,000	3579221222,190	36,212	3579221258,402	0,110	3579221258,512	1,910	3579221260,422	0,440	3579221260,862	7,461	3579221268,323
3818,000	3579222071,423	38,342	3579222109,765	0,110	3579222109,875	1,790	3579222111,665	0,440	3579222112,105	7,611	3579222119,716
3812,000	3579222601,831	48,763	3579222650,594	0,110	3579222650,704	1,779	3579222652,483	0,440	3579222652,923	7,321	3579222660,244
7824,000	3579223090,367	38,792	3579223129,159	0,110	3579223129,269	1,740	3579223131,009	0,440	3579223131,449	7,261	3579223138,710
7881,000	3579223631,836	46,123	3579223677,959	0,110	3579223678,069	1,860	3579223679,929	0,440	3579223680,369	7,510	3579223687,879
3805,000	3579224115,284	48,677	3579224163,961	0,110	3579224164,071	1,770	3579224165,841	0,440	3579224166,281	7,460	3579224173,741
7829,000	3579226377,782	43,233	3579226421,015	0,110	3579226421,125	1,790	3579226422,915	0,440	3579226423,355	7,220	3579226430,575
3797,000	3579227128,796	46,453	3579227175,249	0,110	3579227175,359	1,791	3579227177,150	0,440	3579227177,590	7,360	3579227184,950
7494,000	3579227836,873	41,439	3579227878,312	0,110	3579227878,422	1,759	3579227880,181	0,440	3579227880,621	7,410	3579227888,031
9605,000	3579228374,708	44,758	3579228419,466	0,110	3579228419,576	1,769	3579228421,345	0,440	3579228421,785	7,260	3579228429,045
5866,000	3579228750,289	37,473	3579228787,762	0,110	3579228787,872	1,729	3579228789,601	0,440	3579228790,041	7,411	3579228797,452
7679,000	3579229301,581	49,163	3579229350,744	0,110	3579229350,854	1,722	3579229352,576	0,440	3579229353,016	7,411	3579229360,427
9601,000	3579229758,706	39,753	3579229798,459	0,110	3579229798,569	1,820	3579229800,389	0,440	3579229800,829	7,560	3579229808,389
3794,000	3579230194,109	41,082	3579230235,192	0,110	3579230235,302	1,810	3579230237,112	0,440	3579230237,552	7,410	3579230244,962
9603,000	3579230917,752	40,722	3579230958,474	0,110	3579230958,584	1,810	3579230960,394	0,440	3579230960,834	7,661	3579230968,495
9604,000	3579231434,988	46,117	3579231481,105	0,110	3579231481,215	1,770	3579231482,985	0,440	3579231483,425	7,260	3579231490,685
3799,000	3579231919,739	53,268	3579231973,007	0,110	3579231973,117	1,740	3579231974,857	0,440	3579231975,297	7,604	3579231982,901
7836,000	3579232390,183	48,833	3579232439,016	0,110	3579232439,126	1,780	3579232440,906	0,440	3579232441,346	7,161	3579232448,507
905,000	3579232928,797	51,752	3579232980,549	0,110	3579232980,659	1,770	3579232982,429	0,440	3579232982,869	7,260	3579232990,129
7684,000	3579233400,231	38,332	3579233438,563	0,110	3579233438,673	1,779	3579233440,452	0,440	3579233440,892	7,261	3579233448,153
1867,000	3579234631,568	42,294	3579234673,861	0,110	3579234673,971	1,860	3579234675,831	0,440	3579234676,271	7,608	3579234683,879
3820,000	3579234988,314	38,708	3579235027,022	0,110	3579235027,132	1,810	3579235028,942	0,440	3579235029,382	7,459	3579235036,841
3793,000	3579235954,671	48,433	3579236003,103	0,110	3579236003,213	1,750	3579236004,964	0,440	3579236005,404	7,460	3579236012,863
7681,000	3579236364,892	38,682	3579236403,573	0,110	3579236403,683	1,840	3579236405,524	0,440	3579236405,964	7,411	3579236413,374
7496,000	3579236944,099	42,343	3579236986,443	0,110	3579236986,553	1,749	3579236988,302	0,440	3579236988,742	7,361	3579236996,103
7492,000	3579237411,014	46,924	3579237457,938	0,110	3579237458,048	1,770	3579237459,818	0,439	3579237460,257	7,461	3579237467,718
3818,000	3579237845,451	37,522	3579237882,972	0,110	3579237883,082	1,750	3579237884,833	0,440	3579237885,273	7,211	3579237892,483
3808,000	3579238390,037	42,528	3579238432,565	0,110	3579238432,675	1,760	3579238434,435	0,440	3579238434,875	7,460	3579238442,335
7678,000	3579239101,528	42,272	3579239143,800	0,110	3579239143,910	1,790	3579239145,701	0,440	3579239146,141	7,161	3579239153,301
9606,000	3579239720,107	38,203	3579239758,310	0,110	3579239758,420	1,811	3579239760,231	0,440	3579239760,671	7,153	3579239767,824
