7492,000	3578485449,269	40,273	3578485489,542	0,110	3578485489,652	1,780	3578485491,433	0,440	3578485491,873	6,461	3578485498,333
3805,000	3578485940,012	42,612	3578485982,625	0,110	3578485982,735	1,868	3578485984,603	0,439	3578485985,042	6,464	3578485991,506
9604,000	3578486464,129	40,967	3578486505,096	0,110	3578486505,206	1,820	3578486507,026	0,440	3578486507,466	6,508	3578486513,974
3808,000	3578487011,342	47,515	3578487058,857	0,110	3578487058,967	1,830	3578487060,797	0,440	3578487061,237	6,411	3578487067,648
7488,000	3578489222,067	36,822	3578489258,888	0,110	3578489258,998	1,811	3578489260,809	0,440	3578489261,249	6,261	3578489267,510
9606,000	3578489761,214	38,402	3578489799,616	0,110	3578489799,726	1,800	3578489801,527	0,440	3578489801,967	6,361	3578489808,327
3797,000	3578490203,175	42,732	3578490245,907	0,110	3578490246,017	1,790	3578490247,807	0,440	3578490248,247	6,360	3578490254,607
3794,000	3578490850,606	39,573	3578490890,179	0,110	3578490890,289	1,890	3578490892,180	0,440	3578490892,620	6,260	3578490898,879
3799,000	3578491300,499	47,102	3578491347,601	0,110	3578491347,711	1,830	3578491349,541	0,440	3578491349,981	6,409	3578491356,390
3818,000	3578491624,618	38,648	3578491663,266	0,110	3578491663,376	1,850	3578491665,226	0,440	3578491665,666	6,409	3578491672,075
1867,000	3578492582,452	37,052	3578492619,504	0,110	3578492619,614	1,790	3578492621,404	0,440	3578492621,844	6,357	3578492628,201
9605,000	3578493068,321	42,063	3578493110,384	0,111	3578493110,495	1,830	3578493112,325	0,440	3578493112,765	6,460	3578493119,225
3820,000	3578493483,885	42,261	3578493526,146	0,110	3578493526,256	1,890	3578493528,146	0,440	3578493528,586	6,311	3578493534,897
901,000	3578493957,669	39,902	3578493997,571	0,110	3578493997,681	1,830	3578493999,511	0,440	3578493999,951	6,411	3578494006,362
3812,000	3578495236,910	37,858	3578495274,768	0,110	3578495274,878	1,830	3578495276,708	0,440	3578495277,148	6,560	3578495283,708
9601,000	3578495691,149	38,088	3578495729,237	0,110	3578495729,347	1,830	3578495731,177	0,440	3578495731,617	6,560	3578495738,177
7491,000	3578496789,480	38,242	3578496827,722	0,110	3578496827,832	1,870	3578496829,702	0,440	3578496830,142	6,411	3578496836,553
905,000	3578497466,897	42,701	3578497509,598	0,110	3578497509,708	1,830	3578497511,538	0,440	3578497511,978	6,411	3578497518,389
7684,000	3578497899,666	45,503	3578497945,169	0,110	3578497945,279	1,870	3578497947,149	0,440	3578497947,589	6,411	3578497954,000
7824,000	3578498376,412	41,252	3578498417,664	0,110	3578498417,774	1,850	3578498419,624	0,440	3578498420,064	6,461	3578498426,525
7833,000	3578499540,063	44,593	3578499584,657	0,110	3578499584,767	1,810	3578499586,577	0,440	3578499587,017	6,360	3578499593,376
3803,000	3578500063,054	41,142	3578500104,197	0,110	3578500104,307	1,850	3578500106,157	0,440	3578500106,597	6,311	3578500112,907
9613,000	3578500877,329	38,232	3578500915,561	0,110	3578500915,671	1,819	3578500917,490	0,440	3578500917,930	6,461	3578500924,391
7678,000	3578503356,305	36,468	3578503392,773	0,110	3578503392,883	1,850	3578503394,733	0,440	3578503395,173	6,609	3578503401,782
910,000	3578503955,157	43,428	3578503998,585	0,110	3578503998,695	1,910	3578504000,605	0,440	3578504001,045	6,400	3578504007,445
7679,000	3578504438,588	41,458	3578504480,046	0,110	3578504480,156	1,770	3578504481,926	0,440	3578504482,366	6,459	3578504488,825
9603,000	3578505016,455	38,748	3578505055,203	0,110	3578505055,313	1,830	3578505057,143	0,440	3578505057,583	6,459	3578505064,042
3805,000	3578508456,501	36,452	3578508492,952	0,110	3578508493,062	1,780	3578508494,843	0,440	3578508495,283	6,411	3578508501,693
7836,000	3578509754,689	47,738	3578509802,427	0,110	3578509802,537	1,851	3578509804,388	0,440	3578509804,828	6,460	3578509811,288
7829,000	3578510131,661	37,699	3578510169,360	0,110	3578510169,470	1,850	3578510171,320	0,440	3578510171,760	6,610	3578510178,370
7496,000	3578510919,205	39,718	3578510958,923	0,110	3578510959,033	1,790	3578510960,823	0,440	3578510961,263	6,460	3578510967,723
7494,000	3578511565,548	38,798	3578511604,346	0,110	3578511604,456	1,830	3578511606,286	0,440	3578511606,726	6,460	3578511613,186
9605,000	3578512518,034	38,778	3578512556,812	0,110	3578512556,922	1,860	3578512558,782	0,440	3578512559,222	6,559	3578512565,781
3799,000	3578513230,950	42,176	3578513273,126	0,110	3578513273,236	1,840	3578513275,077	0,440	3578513275,517	6,661	3578513282,178
7681,000	3578513844,333	43,592	3578513887,926	0,110	3578513888,036	1,839	3578513889,875	0,440	3578513890,315	6,654	3578513896,969
3797,000	3578515968,824	39,031	3578516007,855	0,110	3578516007,965	1,800	3578516009,765	0,440	3578516010,205	6,561	3578516016,766
3793,000	3578516814,847	43,809	3578516858,656	0,110	3578516858,766	1,868	3578516860,634	0,439	3578516861,073	6,462	3578516867,535
9606,000	3578517910,646	38,033	3578517948,679	0,110	3578517948,789	1,860	3578517950,649	0,440	3578517951,089	6,561	3578517957,650
3808,000	3578518545,791	47,672	3578518593,462	0,110	3578518593,572	1,850	3578518595,423	0,440	3578518595,863	6,811	3578518602,673
7488,000	3578519095,089	36,842	3578519131,931	0,110	3578519132,041	1,809	3578519133,850	0,440	3578519134,290	6,511	3578519140,801
7881,000	3578519608,310	40,593	3578519648,903	0,110	3578519649,013	1,860	3578519650,873	0,440	3578519651,313	6,511	3578519657,824
5110,000	3578520499,475	41,448	3578520540,923	0,110	3578520541,033	1,750	3578520542,783	0,440	3578520543,223	6,560	3578520549,783
901,000	3578521544,717	44,131	3578521588,849	0,110	3578521588,959	1,790	3578521590,749	0,440	3578521591,189	6,611	3578521597,800
7824,000	3578524497,969	40,177	3578524538,146	0,110	3578524538,256	1,860	3578524540,116	0,440	3578524540,556	6,660	3578524547,216
905,000	3578527395,864	43,264	3578527439,127	0,110	3578527439,237	1,840	3578527441,077	0,440	3578527441,517	6,809	3578527448,326
7492,000	3578528258,806	47,878	3578528306,684	0,110	3578528306,794	1,770	3578528308,564	0,440	3578528309,004	6,959	3578528315,963
3820,000	3578528652,699	43,182	3578528695,882	0,110	3578528695,992	1,920	3578528697,912	0,440	3578528698,352	6,661	3578528705,012
9601,000	3578529104,263	41,192	3578529145,455	0,110	3578529145,566	1,810	3578529147,376	0,440	3578529147,816	6,510	3578529154,325
9604,000	3578529848,424	46,002	3578529894,425	0,110	3578529894,535	1,820	3578529896,356	0,440	3578529896,796	6,611	3578529903,406
9613,000	3578530428,784	39,912	3578530468,696	0,110	3578530468,806	1,830	3578530470,636	0,440	3578530471,076	6,811	3578530477,887
3818,000	3578531611,780	43,597	3578531655,377	0,110	3578531655,487	1,840	3578531657,327	0,440	3578531657,767	6,560	3578531664,327
9605,000	3578532023,773	40,858	3578532064,631	0,110	3578532064,741	1,770	3578532066,511	0,440	3578532066,951	6,709	3578532073,660
3812,000	3578532584,132	48,632	3578532632,764	0,110	3578532632,874	1,800	3578532634,674	0,440	3578532635,114	6,561	3578532641,675
7835,000	3578535115,726	37,009	3578535152,735	0,110	3578535152,845	1,730	3578535154,575	0,440	3578535155,015	6,610	3578535161,625
7491,000	3578536667,464	39,792	3578536707,256	0,110	3578536707,366	1,760	3578536709,126	0,440	3578536709,566	6,461	3578536716,027
3803,000	3578537171,690	49,862	3578537221,552	0,110	3578537221,662	1,790	3578537223,452	0,440	3578537223,892	6,711	3578537230,603
7829,000	3578537598,373	39,642	3578537638,015	0,110	3578537638,125	1,791	3578537639,916	0,440	3578537640,356	6,761	3578537647,117
3805,000	3578538696,969	41,888	3578538738,857	0,110	3578538738,967	1,810	3578538740,777	0,440	3578538741,217	6,810	3578538748,027
7678,000	3578539245,224	50,377	3578539295,601	0,110	3578539295,711	1,780	3578539297,491	0,440	3578539297,931	6,610	3578539304,541
7836,000	3578539817,808	50,984	3578539868,792	0,110	3578539868,902	1,809	3578539870,711	0,440	3578539871,151	6,811	3578539877,962
7681,000	3578540238,610	39,243	3578540277,853	0,110	3578540277,963	1,820	3578540279,783	0,440	3578540280,223	6,561	3578540286,784
7684,000	3578540680,534	38,082	3578540718,616	0,110	3578540718,726	1,830	3578540720,556	0,440	3578540720,996	6,501	3578540727,497
7679,000	3578541219,226	21,141	3578541240,367	0,110	3578541240,477	1,850	3578541242,327	0,440	3578541242,767	6,561	3578541249,328
1867,000	3578542136,282	37,618	3578542173,900	0,110	3578542174,010	1,830	3578542175,840	0,440	3578542176,280	6,860	3578542183,140
910,000	3578542639,958	42,228	3578542682,186	0,110	3578542682,296	1,760	3578542684,056	0,439	3578542684,495	6,760	3578542691,255
7496,000	3578543122,957	41,023	3578543163,980	0,110	3578543164,090	1,870	3578543165,960	0,440	3578543166,401	6,711	3578543173,111
9603,000	3578543851,777	35,002	3578543886,779	0,110	3578543886,889	1,850	3578543888,739	0,440	3578543889,179	6,561	3578543895,739
901,000	3578544382,924	42,935	3578544425,859	0,110	3578544425,969	1,793	3578544427,763	0,440	3578544428,203	6,660	3578544434,862
3794,000	3578544952,519	46,312	3578544998,831	0,110	3578544998,941	1,790	3578545000,731	0,440	3578545001,171	6,661	3578545007,832
9606,000	3578545350,204	38,014	3578545388,218	0,110	3578545388,328	1,761	3578545390,089	0,440	3578545390,529	6,758	3578545397,288
5866,000	3578545691,845	36,499	3578545728,344	0,110	3578545728,454	1,840	3578545730,294	0,440	3578545730,734	6,510	3578545737,244
7833,000	3578546615,237	52,553	3578546667,791	0,110	3578546667,901	1,860	3578546669,761	0,440	3578546670,201	6,560	3578546676,761
3799,000	3578547073,211	49,764	3578547122,975	0,110	3578547123,085	1,740	3578547124,825	0,439	3578547125,264	6,611	3578547131,875
3808,000	3578547601,706	45,834	3578547647,540	0,110	3578547647,650	1,849	3578547649,499	0,440	3578547649,939	6,711	3578547656,650
7494,000	3578548244,793	43,253	3578548288,047	0,110	3578548288,157	1,821	3578548289,978	0,440	3578548290,418	6,660	3578548297,078
7824,000	3578548657,977	39,263	3578548697,240	0,110	3578548697,350	1,840	3578548699,190	0,440	3578548699,630	6,511	3578548706,140
7488,000	3578549215,278	39,368	3578549254,646	0,110	3578549254,756	1,830	3578549256,586	0,440	3578549257,026	6,459	3578549263,485
3793,000	3578550004,601	41,691	3578550046,293	0,110	3578550046,403	1,810	3578550048,213	0,440	3578550048,653	6,661	3578550055,313
7881,000	3578550650,580	40,982	3578550691,562	0,109	3578550691,671	1,820	3578550693,491	0,440	3578550693,931	6,561	3578550700,492
3797,000	3578551059,784	43,323	3578551103,107	0,110	3578551103,217	1,791	3578551105,008	0,440	3578551105,448	6,510	3578551111,958
9605,000	3578553522,997	40,287	3578553563,284	0,110	3578553563,394	1,800	3578553565,194	0,440	3578553565,634	6,860	3578553572,494
9601,000	3578554182,829	38,260	3578554221,089	0,110	3578554221,199	1,813	3578554223,012	0,444	3578554223,456	6,596	3578554230,052
9613,000	3578555987,139	37,018	3578556024,157	0,110	3578556024,267	1,842	3578556026,109	0,440	3578556026,549	6,960	3578556033,509
5110,000	3578556753,268	36,172	3578556789,440	0,110	3578556789,550	1,917	3578556791,467	0,440	3578556791,907	6,461	3578556798,368
3820,000	3578557101,393	40,352	3578557141,745	0,110	3578557141,855	1,778	3578557143,633	0,440	3578557144,073	6,701	3578557150,774
3812,000	3578557726,783	40,802	3578557767,586	0,110	3578557767,696	1,810	3578557769,506	0,440	3578557769,946	6,810	3578557776,755
9603,000	3578558737,991	38,922	3578558776,912	0,110	3578558777,022	1,822	3578558778,845	0,440	3578558779,285	6,511	3578558785,795
7678,000	3578560985,082	36,068	3578561021,150	0,110	3578561021,260	1,936	3578561023,196	0,440	3578561023,636	6,659	3578561030,295
3818,000	3578561725,916	40,092	3578561766,008	0,110	3578561766,118	1,746	3578561767,865	0,440	3578561768,305	6,611	3578561774,915
3803,000	3578562314,510	41,431	3578562355,941	0,110	3578562356,051	1,787	3578562357,839	0,440	3578562358,279	6,961	3578562365,239
905,000	3578562802,231	43,462	3578562845,693	0,110	3578562845,803	1,808	3578562847,612	0,440	3578562848,052	7,061	3578562855,112
7836,000	3578563309,643	46,303	3578563355,947	0,110	3578563356,057	1,762	3578563357,818	0,440	3578563358,258	7,069	3578563365,328
7492,000	3578563770,665	44,899	3578563815,564	0,110	3578563815,674	1,800	3578563817,474	0,440	3578563817,914	6,759	3578563824,673
9604,000	3578564276,941	41,059	3578564318,000	0,110	3578564318,110	1,836	3578564319,946	0,440	3578564320,386	7,010	3578564327,396
3805,000	3578565601,478	39,461	3578565640,939	0,110	3578565641,049	1,827	3578565642,876	0,440	3578565643,316	7,061	3578565650,377
7679,000	3578566653,463	46,732	3578566700,195	0,110	3578566700,305	1,776	3578566702,081	0,440	3578566702,521	7,060	3578566709,581
7496,000	3578567227,124	38,659	3578567265,783	0,110	3578567265,893	1,797	3578567267,690	0,440	3578567268,130	7,000	3578567275,130
901,000	3578568393,080	43,621	3578568436,701	0,110	3578568436,811	1,809	3578568438,621	0,440	3578568439,061	7,061	3578568446,121
7491,000	3578569190,481	41,082	3578569231,563	0,110	3578569231,673	1,786	3578569233,459	0,440	3578569233,899	7,061	3578569240,960
9605,000	3578569677,160	39,011	3578569716,171	0,110	3578569716,281	1,846	3578569718,128	0,440	3578569718,568	7,061	3578569725,628
7833,000	3578570232,088	39,792	3578570271,880	0,110	3578570271,990	1,810	3578570273,800	0,440	3578570274,240	6,711	3578570280,951
7835,000	3578571030,607	34,698	3578571065,305	0,110	3578571065,415	1,861	3578571067,276	0,440	3578571067,716	6,710	3578571074,426
7829,000	3578572515,385	38,696	3578572554,081	0,110	3578572554,191	1,849	3578572556,040	0,440	3578572556,480	6,861	3578572563,341
9606,000	3578574444,844	37,589	3578574482,433	0,110	3578574482,543	1,756	3578574484,299	0,440	3578574484,739	7,009	3578574491,748
5866,000	3578575106,300	35,588	3578575141,888	0,110	3578575141,998	1,811	3578575143,809	0,440	3578575144,249	6,610	3578575150,859
7681,000	3578575717,774	44,492	3578575762,266	0,110	3578575762,376	1,839	3578575764,215	0,440	3578575764,655	6,721	3578575771,376
9613,000	3578576089,950	37,642	3578576127,591	0,110	3578576127,701	1,881	3578576129,583	0,440	3578576130,023	6,910	3578576136,932
7824,000	3578576676,608	38,082	3578576714,690	0,110	3578576714,800	1,866	3578576716,666	0,440	3578576717,106	6,911	3578576724,017
3812,000	3578577112,830	37,725	3578577150,555	0,110	3578577150,665	1,817	3578577152,482	0,440	3578577152,922	6,611	3578577159,533
7494,000	3578577921,373	38,845	3578577960,218	0,110	3578577960,328	1,838	3578577962,166	0,440	3578577962,606	6,708	3578577969,314
9601,000	3578578473,722	40,369	3578578514,091	0,110	3578578514,201	1,828	3578578516,029	0,440	3578578516,469	6,860	3578578523,329
910,000	3578578899,946	40,179	3578578940,125	0,110	3578578940,235	1,821	3578578942,056	0,440	3578578942,496	6,809	3578578949,305
3808,000	3578579436,931	47,003	3578579483,934	0,110	3578579484,044	1,810	3578579485,854	0,440	3578579486,294	6,610	3578579492,904
7836,000	3578580354,417	39,962	3578580394,379	0,110	3578580394,489	1,803	3578580396,292	0,440	3578580396,732	6,711	3578580403,443
7488,000	3578581035,026	38,623	3578581073,649	0,110	3578581073,759	1,817	3578581075,576	0,440	3578581076,016	6,610	3578581082,626
7881,000	3578581424,339	38,647	3578581462,986	0,110	3578581463,096	1,829	3578581464,925	0,440	3578581465,365	6,910	3578581472,275
1867,000	3578582244,577	36,178	3578582280,755	0,110	3578582280,865	1,855	3578582282,720	0,440	3578582283,160	6,809	3578582289,969
7684,000	3578582595,760	37,063	3578582632,823	0,110	3578582632,933	1,878	3578582634,811	0,440	3578582635,251	6,961	3578582642,212
3799,000	3578583049,791	49,483	3578583099,274	0,110	3578583099,384	1,806	3578583101,190	0,440	3578583101,630	6,910	3578583108,540
3820,000	3578583434,892	39,401	3578583474,293	0,110	3578583474,403	1,797	3578583476,200	0,440	3578583476,640	6,711	3578583483,351
3793,000	3578584158,440	41,122	3578584199,562	0,110	3578584199,672	1,808	3578584201,480	0,440	3578584201,920	6,660	3578584208,580
3794,000	3578584566,811	39,252	3578584606,063	0,110	3578584606,173	1,878	3578584608,051	0,440	3578584608,492	6,910	3578584615,401
3803,000	3578585066,059	41,754	3578585107,812	0,110	3578585107,922	1,760	3578585109,682	0,440	3578585110,122	6,758	3578585116,880
3797,000	3578585474,696	42,758	3578585517,454	0,110	3578585517,564	1,830	3578585519,394	0,440	3578585519,834	7,110	3578585526,944
901,000	3578586074,908	40,708	3578586115,616	0,110	3578586115,726	1,835	3578586117,561	0,440	3578586118,001	6,760	3578586124,761
7678,000	3578586544,694	42,971	3578586587,665	0,110	3578586587,775	1,827	3578586589,603	0,440	3578586590,043	6,961	3578586597,003
905,000	3578586996,594	38,132	3578587034,726	0,110	3578587034,836	1,842	3578587036,678	0,440	3578587037,118	6,810	3578587043,928
7492,000	3578587404,186	38,701	3578587442,887	0,110	3578587442,997	1,853	3578587444,850	0,440	3578587445,290	6,711	3578587452,001
3818,000	3578587741,255	37,982	3578587779,237	0,110	3578587779,347	1,811	3578587781,158	0,440	3578587781,598	6,711	3578587788,309
9603,000	3578590052,864	34,643	3578590087,507	0,110	3578590087,617	1,749	3578590089,367	0,440	3578590089,807	6,511	3578590096,317
7496,000	3578590470,996	37,812	3578590508,808	0,110	3578590508,918	1,865	3578590510,783	0,440	3578590511,223	6,611	3578590517,833
9605,000	3578590910,860	42,792	3578590953,652	0,110	3578590953,762	1,740	3578590955,502	0,440	3578590955,942	6,511	3578590962,453
7679,000	3578591735,653	47,532	3578591783,185	0,110	3578591783,295	1,893	3578591785,188	0,440	3578591785,628	6,511	3578591792,139
9604,000	3578592212,527	38,933	3578592251,460	0,110	3578592251,570	1,859	3578592253,429	0,440	3578592253,869	6,559	3578592260,428
3805,000	3578594241,401	38,612	3578594280,013	0,110	3578594280,123	1,826	3578594281,949	0,440	3578594282,389	6,761	3578594289,150
7836,000	3578598956,179	37,052	3578598993,231	0,110	3578598993,341	1,852	3578598995,193	0,440	3578598995,633	6,660	3578599002,293
5110,000	3578599860,961	39,628	3578599900,589	0,110	3578599900,699	1,781	3578599902,480	0,440	3578599902,920	6,859	3578599909,779
9613,000	3578601510,382	39,113	3578601549,495	0,110	3578601549,605	1,833	3578601551,438	0,440	3578601551,878	6,911	3578601558,789
5866,000	3578601835,692	34,912	3578601870,605	0,110	3578601870,715	1,835	3578601872,550	0,440	3578601872,990	6,661	3578601879,651
9601,000	3578602363,907	37,462	3578602401,369	0,110	3578602401,479	1,794	3578602403,273	0,440	3578602403,713	6,660	3578602410,373
7681,000	3578602796,103	40,360	3578602836,463	0,111	3578602836,574	1,821	3578602838,395	0,440	3578602838,835	6,806	3578602845,641
9606,000	3578603273,342	38,454	3578603311,796	0,110	3578603311,906	1,829	3578603313,735	0,440	3578603314,175	6,809	3578603320,984
7833,000	3578604276,736	44,407	3578604321,144	0,110	3578604321,254	1,804	3578604323,058	0,440	3578604323,498	6,610	3578604330,108
3812,000	3578604756,950	42,944	3578604799,895	0,111	3578604800,006	1,777	3578604801,783	0,440	3578604802,223	7,007	3578604809,230
7494,000	3578605356,152	38,905	3578605395,057	0,110	3578605395,167	1,782	3578605396,949	0,440	3578605397,389	6,957	3578605404,346
7824,000	3578605964,443	38,479	3578606002,922	0,110	3578606003,032	1,840	3578606004,872	0,440	3578606005,312	6,660	3578606011,972
7678,000	3578611403,817	37,442	3578611441,259	0,110	3578611441,369	1,816	3578611443,185	0,440	3578611443,625	6,660	3578611450,285
9605,000	3578612238,751	41,092	3578612279,843	0,110	3578612279,953	1,762	3578612281,715	0,440	3578612282,155	6,610	3578612288,765
7496,000	3578614161,663	39,248	3578614200,911	0,110	3578614201,021	1,809	3578614202,830	0,440	3578614203,270	6,849	3578614210,119
7491,000	3578616246,358	46,592	3578616292,950	0,110	3578616293,060	1,787	3578616294,847	0,440	3578616295,287	6,961	3578616302,248
3799,000	3578617801,817	49,917	3578617851,734	0,110	3578617851,844	1,735	3578617853,579	0,440	3578617854,019	7,160	3578617861,179
3797,000	3578619223,303	43,061	3578619266,364	0,110	3578619266,474	1,845	3578619268,320	0,440	3578619268,760	6,811	3578619275,570
3805,000	3578621323,233	33,998	3578621357,231	0,110	3578621357,341	1,816	3578621359,157	0,440	3578621359,597	6,859	3578621366,456
7829,000	3578621840,542	49,778	3578621890,320	0,110	3578621890,430	1,746	3578621892,176	0,440	3578621892,616	6,810	3578621899,426
7836,000	3578622251,120	45,392	3578622296,511	0,110	3578622296,621	1,909	3578622298,531	0,440	3578622298,971	6,660	3578622305,630
910,000	3578622724,309	45,613	3578622769,922	0,110	3578622770,032	1,818	3578622771,850	0,440	3578622772,290	6,760	3578622779,050
7679,000	3578623271,162	21,141	3578623292,303	0,110	3578623292,413	1,811	3578623294,224	0,440	3578623294,664	6,900	3578623301,564
3803,000	3578623745,974	48,163	3578623794,137	0,110	3578623794,247	1,847	3578623796,094	0,440	3578623796,534	6,861	3578623803,395
901,000	3578624556,364	21,166	3578624577,530	0,110	3578624577,640	1,872	3578624579,511	0,440	3578624579,951	6,809	3578624586,761
1867,000	3578625384,817	37,648	3578625422,465	0,110	3578625422,575	1,811	3578625424,386	0,440	3578625424,826	6,810	3578625431,636
7488,000	3578625888,524	42,972	3578625931,496	0,110	3578625931,606	1,828	3578625933,434	0,440	3578625933,874	6,811	3578625940,685
3812,000	3578626292,880	39,962	3578626332,842	0,110	3578626332,952	1,849	3578626334,801	0,440	3578626335,241	6,861	3578626342,102
3793,000	3578627036,643	46,002	3578627082,645	0,110	3578627082,755	1,781	3578627084,536	0,440	3578627084,976	6,711	3578627091,687
3808,000	3578627701,985	21,201	3578627723,186	0,110	3578627723,296	1,862	3578627725,158	0,440	3578627725,598	6,661	3578627732,259
3820,000	3578628162,798	48,203	3578628211,001	0,110	3578628211,111	1,750	3578628212,861	0,440	3578628213,301	7,008	3578628220,309
3794,000	3578628596,307	41,188	3578628637,495	0,110	3578628637,605	1,860	3578628639,465	0,440	3578628639,905	6,860	3578628646,765
9605,000	3578628980,679	39,161	3578629019,840	0,110	3578629019,950	1,838	3578629021,788	0,440	3578629022,228	6,760	3578629028,988
3818,000	3578629398,579	44,840	3578629443,419	0,110	3578629443,529	1,805	3578629445,334	0,441	3578629445,775	6,906	3578629452,681
5110,000	3578630044,610	40,942	3578630085,552	0,110	3578630085,662	1,900	3578630087,562	0,440	3578630088,003	6,611	3578630094,613
7824,000	3578630429,648	44,291	3578630473,939	0,110	3578630474,049	1,830	3578630475,879	0,440	3578630476,319	6,854	3578630483,173
7881,000	3578631006,341	49,543	3578631055,884	0,110	3578631055,994	1,810	3578631057,805	0,440	3578631058,245	6,560	3578631064,804
7681,000	3578631409,614	40,741	3578631450,355	0,110	3578631450,465	1,700	3578631452,165	0,440	3578631452,605	6,961	3578631459,566
7684,000	3578631897,327	40,993	3578631938,319	0,110	3578631938,429	1,810	3578631940,239	0,440	3578631940,679	6,859	3578631947,539
9601,000	3578632397,196	41,818	3578632439,014	0,110	3578632439,124	1,790	3578632440,914	0,440	3578632441,354	6,910	3578632448,264
7492,000	3578632886,488	48,111	3578632934,599	0,110	3578632934,709	1,780	3578632936,489	0,440	3578632936,929	6,606	3578632943,535
7494,000	3578633533,723	39,979	3578633573,702	0,110	3578633573,812	1,851	3578633575,663	0,440	3578633576,103	6,760	3578633582,863
9606,000	3578633997,068	39,721	3578634036,789	0,110	3578634036,899	1,782	3578634038,682	0,440	3578634039,122	6,713	3578634045,834
9604,000	3578634545,623	45,033	3578634590,656	0,110	3578634590,766	1,840	3578634592,606	0,440	3578634593,046	6,760	3578634599,806
9603,000	3578635330,850	40,781	3578635371,631	0,110	3578635371,741	1,834	3578635373,575	0,444	3578635374,019	6,917	3578635380,936
5866,000	3578635654,437	36,930	3578635691,367	0,110	3578635691,477	1,831	3578635693,308	0,447	3578635693,755	6,600	3578635700,355
9613,000	3578636171,953	42,991	3578636214,944	0,110	3578636215,054	1,830	3578636216,884	0,440	3578636217,324	6,962	3578636224,286
7835,000	3578637044,080	41,082	3578637085,162	0,110	3578637085,272	1,843	3578637087,115	0,440	3578637087,555	6,716	3578637094,271
7678,000	3578638703,465	35,212	3578638738,677	0,110	3578638738,787	1,799	3578638740,586	0,440	3578638741,026	6,614	3578638747,639
7833,000	3578639270,090	48,588	3578639318,678	0,110	3578639318,788	1,681	3578639320,469	0,440	3578639320,909	6,616	3578639327,525
7836,000	3578639702,031	41,759	3578639743,790	0,110	3578639743,900	1,799	3578639745,699	0,440	3578639746,139	6,905	3578639753,044
905,000	3578640259,575	55,652	3578640315,226	0,110	3578640315,336	1,883	3578640317,219	0,440	3578640317,659	6,664	3578640324,323
3799,000	3578640647,385	41,403	3578640688,789	0,110	3578640688,899	1,837	3578640690,736	0,440	3578640691,176	6,557	3578640697,732
7491,000	3578648166,626	34,782	3578648201,409	0,110	3578648201,519	1,862	3578648203,381	0,440	3578648203,821	6,618	3578648210,438
3797,000	3578648551,866	38,582	3578648590,447	0,110	3578648590,557	1,844	3578648592,402	0,440	3578648592,842	6,758	3578648599,599
3812,000	3578648948,095	38,532	3578648986,627	0,110	3578648986,737	1,779	3578648988,516	0,448	3578648988,964	6,647	3578648995,611
901,000	3578649727,772	45,472	3578649773,245	0,110	3578649773,355	1,775	3578649775,130	0,440	3578649775,569	6,764	3578649782,334
7679,000	3578650161,973	47,373	3578650209,346	0,110	3578650209,456	1,784	3578650211,240	0,440	3578650211,680	6,756	3578650218,436
3805,000	3578650622,307	38,639	3578650660,946	0,110	3578650661,056	1,812	3578650662,868	0,440	3578650663,308	6,508	3578650669,816
3803,000	3578651160,764	43,029	3578651203,794	0,110	3578651203,904	1,851	3578651205,755	0,441	3578651206,196	6,569	3578651212,765
7496,000	3578651813,166	43,281	3578651856,447	0,110	3578651856,557	1,835	3578651858,392	0,440	3578651858,832	6,762	3578651865,594
9605,000	3578652242,264	44,810	3578652287,074	0,110	3578652287,184	1,876	3578652289,060	0,440	3578652289,500	6,555	3578652296,055
910,000	3578654080,525	38,358	3578654118,883	0,110	3578654118,993	1,875	3578654120,868	0,440	3578654121,308	6,664	3578654127,972
9601,000	3578656312,598	36,713	3578656349,310	0,110	3578656349,420	1,862	3578656351,283	0,440	3578656351,723	6,760	3578656358,482
9613,000	3578656864,604	36,252	3578656900,855	0,110	3578656900,965	1,836	3578656902,802	0,440	3578656903,242	6,561	3578656909,803
7492,000	3578657291,049	36,468	3578657327,517	0,110	3578657327,627	1,830	3578657329,457	0,440	3578657329,897	6,657	3578657336,554
7824,000	3578657684,878	41,807	3578657726,685	0,110	3578657726,795	1,832	3578657728,627	0,440	3578657729,067	6,660	3578657735,727
3818,000	3578658083,465	37,210	3578658120,674	0,110	3578658120,784	1,866	3578658122,651	0,440	3578658123,091	6,463	3578658129,553
7829,000	3578658483,397	41,112	3578658524,509	0,110	3578658524,619	1,854	3578658526,473	0,440	3578658526,913	6,557	3578658533,470
9603,000	3578659152,713	37,922	3578659190,634	0,110	3578659190,744	1,814	3578659192,559	0,440	3578659192,999	6,808	3578659199,806
7488,000	3578659588,609	38,082	3578659626,691	0,110	3578659626,801	1,769	3578659628,570	0,440	3578659629,010	6,765	3578659635,775
7836,000	3578660218,586	44,172	3578660262,759	0,110	3578660262,869	1,778	3578660264,647	0,440	3578660265,087	6,617	3578660271,704
7678,000	3578660669,824	42,659	3578660712,483	0,110	3578660712,593	1,854	3578660714,447	0,440	3578660714,887	6,604	3578660721,491
7681,000	3578661251,040	41,059	3578661292,099	0,110	3578661292,209	1,807	3578661294,016	0,440	3578661294,456	6,706	3578661301,162
3808,000	3578662162,134	46,942	3578662209,075	0,110	3578662209,185	1,771	3578662210,956	0,440	3578662211,396	6,713	3578662218,109
9606,000	3578662522,024	37,803	3578662559,826	0,110	3578662559,936	1,838	3578662561,775	0,440	3578662562,215	6,867	3578662569,081
7494,000	3578663081,098	39,692	3578663120,790	0,110	3578663120,900	1,804	3578663122,705	0,440	3578663123,145	6,760	3578663129,904
1867,000	3578663851,815	36,592	3578663888,406	0,110	3578663888,516	1,818	3578663890,334	0,440	3578663890,774	6,661	3578663897,435
3794,000	3578664305,107	38,924	3578664344,032	0,110	3578664344,142	1,912	3578664346,053	0,440	3578664346,493	6,618	3578664353,112
3793,000	3578665273,209	42,458	3578665315,667	0,110	3578665315,777	1,862	3578665317,639	0,440	3578665318,079	6,811	3578665324,890
7881,000	3578665737,041	40,272	3578665777,313	0,110	3578665777,423	1,899	3578665779,322	0,440	3578665779,762	6,710	3578665786,472
5110,000	3578666424,024	40,122	3578666464,146	0,110	3578666464,256	1,787	3578666466,043	0,440	3578666466,483	6,510	3578666472,993
7833,000	3578667070,678	42,612	3578667113,291	0,110	3578667113,401	1,819	3578667115,220	0,440	3578667115,660	6,621	3578667122,281
9604,000	3578667549,034	40,131	3578667589,165	0,110	3578667589,275	1,862	3578667591,137	0,440	3578667591,577	6,661	3578667598,238
3799,000	3578667977,083	43,328	3578668020,411	0,110	3578668020,521	1,812	3578668022,333	0,440	3578668022,773	6,559	3578668029,332
3820,000	3578668381,344	44,918	3578668426,262	0,110	3578668426,372	1,789	3578668428,161	0,440	3578668428,601	6,710	3578668435,311
905,000	3578668791,759	40,887	3578668832,646	0,110	3578668832,756	1,870	3578668834,626	0,440	3578668835,066	6,810	3578668841,876
7684,000	3578669150,799	36,762	3578669187,561	0,110	3578669187,671	1,818	3578669189,489	0,440	3578669189,929	6,810	3578669196,739
9605,000	3578669562,406	37,981	3578669600,386	0,110	3578669600,496	1,815	3578669602,312	0,440	3578669602,752	6,661	3578669609,412
3812,000	3578669957,009	38,263	3578669995,272	0,110	3578669995,382	1,845	3578669997,227	0,440	3578669997,667	6,511	3578670004,178
901,000	3578671327,121	43,223	3578671370,344	0,110	3578671370,454	1,875	3578671372,329	0,440	3578671372,769	6,509	3578671379,278
3803,000	3578673670,755	40,991	3578673711,746	0,110	3578673711,856	1,834	3578673713,691	0,440	3578673714,131	6,611	3578673720,741
7491,000	3578676347,299	34,152	3578676381,451	0,110	3578676381,561	1,783	3578676383,345	0,440	3578676383,785	6,771	3578676390,555
7679,000	3578676850,880	46,312	3578676897,192	0,110	3578676897,302	1,769	3578676899,071	0,440	3578676899,511	6,660	3578676906,171
3797,000	3578677263,056	39,332	3578677302,388	0,110	3578677302,498	1,796	3578677304,294	0,440	3578677304,734	6,760	3578677311,493
3805,000	3578678020,532	37,092	3578678057,624	0,110	3578678057,734	1,835	3578678059,569	0,440	3578678060,009	6,661	3578678066,670
7496,000	3578680705,802	39,582	3578680745,384	0,110	3578680745,494	1,826	3578680747,320	0,440	3578680747,760	6,911	3578680754,671
9613,000	3578681941,911	38,022	3578681979,933	0,110	3578681980,043	1,874	3578681981,917	0,440	3578681982,358	6,711	3578681989,068
9601,000	3578682388,855	37,537	3578682426,392	0,110	3578682426,502	1,717	3578682428,219	0,440	3578682428,659	6,819	3578682435,478
7829,000	3578684036,526	35,422	3578684071,948	0,110	3578684072,058	1,799	3578684073,857	0,439	3578684074,296	6,701	3578684080,997
7836,000	3578684517,205	44,512	3578684561,718	0,110	3578684561,828	1,790	3578684563,618	0,440	3578684564,058	6,711	3578684570,769
9603,000	3578688489,243	38,772	3578688528,015	0,110	3578688528,125	1,782	3578688529,907	0,440	3578688530,347	6,760	3578688537,107
7824,000	3578689880,293	38,492	3578689918,785	0,110	3578689918,895	1,819	3578689920,714	0,440	3578689921,154	6,966	3578689928,120
7488,000	3578690421,337	38,096	3578690459,433	0,110	3578690459,543	1,841	3578690461,384	0,440	3578690461,824	6,913	3578690468,737
9606,000	3578690814,086	38,357	3578690852,443	0,110	3578690852,553	1,803	3578690854,356	0,441	3578690854,797	6,854	3578690861,651
7678,000	3578691558,476	44,842	3578691603,319	0,110	3578691603,429	1,853	3578691605,282	0,440	3578691605,722	6,911	3578691612,633
7681,000	3578691952,387	40,429	3578691992,816	0,110	3578691992,926	1,871	3578691994,797	0,440	3578691995,237	6,867	3578692002,104
3820,000	3578692291,236	38,107	3578692329,342	0,110	3578692329,452	1,908	3578692331,361	0,440	3578692331,801	6,813	3578692338,613
9605,000	3578692775,822	43,222	3578692819,044	0,110	3578692819,154	1,776	3578692820,931	0,440	3578692821,371	6,761	3578692828,131
7494,000	3578693351,925	40,101	3578693392,026	0,110	3578693392,136	1,848	3578693393,984	0,440	3578693394,424	6,760	3578693401,184
7833,000	3578694327,085	40,932	3578694368,017	0,110	3578694368,127	1,878	3578694370,005	0,440	3578694370,445	7,010	3578694377,455
7679,000	3578694774,308	42,273	3578694816,581	0,110	3578694816,691	1,829	3578694818,520	0,440	3578694818,960	6,761	3578694825,721
3808,000	3578695465,196	48,972	3578695514,168	0,110	3578695514,278	1,824	3578695516,102	0,440	3578695516,542	6,761	3578695523,303
7492,000	3578696026,772	40,752	3578696067,524	0,110	3578696067,634	1,834	3578696069,468	0,440	3578696069,908	7,012	3578696076,920
5110,000	3578697201,356	39,577	3578697240,933	0,110	3578697241,043	1,885	3578697242,928	0,440	3578697243,368	7,060	3578697250,428
5866,000	3578699417,191	35,012	3578699452,203	0,110	3578699452,313	1,853	3578699454,166	0,440	3578699454,606	6,860	3578699461,466
3805,000	3578700186,179	36,058	3578700222,237	0,110	3578700222,347	1,946	3578700224,293	0,440	3578700224,733	7,009	3578700231,742
3818,000	3578700843,985	39,818	3578700883,803	0,110	3578700883,913	1,833	3578700885,746	0,440	3578700886,186	6,969	3578700893,155
3812,000	3578701385,895	43,792	3578701429,687	0,110	3578701429,797	1,843	3578701431,641	0,440	3578701432,081	6,761	3578701438,841
3803,000	3578702547,077	42,751	3578702589,828	0,111	3578702589,939	1,740	3578702591,680	0,440	3578702592,120	6,911	3578702599,030
3797,000	3578705193,183	40,990	3578705234,173	0,110	3578705234,283	1,784	3578705236,067	0,440	3578705236,507	6,961	3578705243,468
7491,000	3578705659,749	38,732	3578705698,481	0,110	3578705698,591	1,848	3578705700,439	0,440	3578705700,879	6,860	3578705707,739
7835,000	3578708301,505	40,948	3578708342,453	0,110	3578708342,563	1,834	3578708344,397	0,440	3578708344,837	6,960	3578708351,797
3793,000	3578710077,141	39,992	3578710117,133	0,110	3578710117,243	1,812	3578710119,055	0,440	3578710119,495	6,810	3578710126,305
9613,000	3578710488,809	40,491	3578710529,300	0,110	3578710529,410	1,870	3578710531,281	0,440	3578710531,721	7,011	3578710538,731
9601,000	3578710950,112	40,214	3578710990,326	0,111	3578710990,437	1,890	3578710992,327	0,440	3578710992,767	6,808	3578710999,575
910,000	3578711489,845	48,648	3578711538,493	0,110	3578711538,603	1,770	3578711540,373	0,440	3578711540,813	6,810	3578711547,623
7829,000	3578711968,016	42,508	3578712010,524	0,110	3578712010,634	1,811	3578712012,445	0,439	3578712012,884	7,010	3578712019,894
901,000	3578712769,921	55,264	3578712825,185	0,110	3578712825,295	1,770	3578712827,065	0,440	3578712827,505	7,170	3578712834,675
9604,000	3578713307,990	44,993	3578713352,984	0,110	3578713353,094	1,803	3578713354,897	0,440	3578713355,337	7,110	3578713362,447
7836,000	3578713764,531	51,232	3578713815,763	0,110	3578713815,873	1,840	3578713817,713	0,440	3578713818,153	6,821	3578713824,974
9605,000	3578714231,901	42,181	3578714274,082	0,110	3578714274,192	1,792	3578714275,984	0,440	3578714276,424	6,911	3578714283,335
7679,000	3578714629,150	42,483	3578714671,633	0,110	3578714671,743	1,872	3578714673,615	0,440	3578714674,055	6,759	3578714680,814
7824,000	3578715070,835	40,938	3578715111,773	0,110	3578715111,883	1,840	3578715113,723	0,440	3578715114,163	6,910	3578715121,073
3794,000	3578715649,025	44,147	3578715693,172	0,110	3578715693,282	1,810	3578715695,092	0,440	3578715695,532	6,809	3578715702,341
1867,000	3578716455,932	39,102	3578716495,034	0,110	3578716495,144	1,940	3578716497,084	0,440	3578716497,524	6,861	3578716504,385
7881,000	3578716940,258	47,992	3578716988,250	0,110	3578716988,360	1,840	3578716990,200	0,440	3578716990,640	6,810	3578716997,450
3799,000	3578717452,859	21,171	3578717474,030	0,110	3578717474,140	1,881	3578717476,021	0,440	3578717476,461	6,861	3578717483,322
3820,000	3578717812,288	38,922	3578717851,209	0,110	3578717851,319	1,819	3578717853,139	0,440	3578717853,579	6,761	3578717860,339
7678,000	3578718240,661	46,208	3578718286,869	0,110	3578718286,979	1,811	3578718288,790	0,440	3578718289,230	6,759	3578718295,989
3818,000	3578718732,674	37,928	3578718770,602	0,110	3578718770,712	1,800	3578718772,512	0,440	3578718772,952	6,809	3578718779,761
7684,000	3578719115,787	39,362	3578719155,149	0,110	3578719155,259	1,690	3578719156,949	0,440	3578719157,389	6,810	3578719164,199
7681,000	3578719509,712	40,332	3578719550,044	0,110	3578719550,154	1,910	3578719552,064	0,440	3578719552,504	6,861	3578719559,364
7496,000	3578720063,231	46,542	3578720109,773	0,110	3578720109,883	1,800	3578720111,683	0,440	3578720112,123	6,661	3578720118,783
905,000	3578720592,689	53,262	3578720645,951	0,110	3578720646,061	1,700	3578720647,761	0,440	3578720648,201	7,011	3578720655,212
7494,000	3578721146,145	39,132	3578721185,277	0,110	3578721185,387	1,803	3578721187,190	0,440	3578721187,630	6,760	3578721194,390
9606,000	3578721594,325	39,123	3578721633,448	0,110	3578721633,558	1,989	3578721635,547	0,440	3578721635,987	6,661	3578721642,648
3808,000	3578722110,283	43,237	3578722153,520	0,110	3578722153,630	1,770	3578722155,400	0,440	3578722155,840	6,760	3578722162,600
3805,000	3578722799,191	37,008	3578722836,199	0,110	3578722836,309	1,850	3578722838,159	0,440	3578722838,599	6,710	3578722845,309
9603,000	3578723261,225	38,593	3578723299,818	0,110	3578723299,928	1,850	3578723301,778	0,440	3578723302,218	6,810	3578723309,027
5866,000	3578725153,019	35,562	3578725188,580	0,110	3578725188,690	1,860	3578725190,551	0,440	3578725190,991	6,711	3578725197,701
7833,000	3578726110,879	42,879	3578726153,758	0,110	3578726153,868	1,860	3578726155,728	0,440	3578726156,168	6,659	3578726162,827
3803,000	3578726602,603	40,967	3578726643,570	0,111	3578726643,681	1,890	3578726645,571	0,440	3578726646,011	6,660	3578726652,671
7488,000	3578727086,232	40,462	3578727126,694	0,110	3578727126,804	1,790	3578727128,594	0,440	3578727129,034	6,711	3578727135,745
3812,000	3578727749,040	41,182	3578727790,223	0,110	3578727790,333	1,680	3578727792,013	0,440	3578727792,453	6,561	3578727799,013
5110,000	3578730015,804	39,880	3578730055,684	0,109	3578730055,793	1,824	3578730057,617	0,440	3578730058,057	6,961	3578730065,018
9605,000	3578733574,794	34,099	3578733608,893	0,110	3578733609,003	1,901	3578733610,904	0,440	3578733611,344	6,860	3578733618,204
7679,000	3578734007,974	39,104	3578734047,078	0,110	3578734047,188	1,822	3578734049,010	0,440	3578734049,450	6,811	3578734056,261
7836,000	3578734491,564	41,352	3578734532,916	0,110	3578734533,026	1,812	3578734534,838	0,440	3578734535,278	6,861	3578734542,139
9613,000	3578734946,562	38,412	3578734984,974	0,110	3578734985,084	1,819	3578734986,903	0,440	3578734987,343	6,911	3578734994,254
7492,000	3578735381,999	41,341	3578735423,340	0,110	3578735423,450	1,720	3578735425,170	0,440	3578735425,610	6,861	3578735432,471
9601,000	3578735915,779	38,052	3578735953,831	0,110	3578735953,941	1,650	3578735955,591	0,440	3578735956,031	6,811	3578735962,842
901,000	3578743682,416	46,007	3578743728,423	0,110	3578743728,533	1,850	3578743730,383	0,440	3578743730,823	6,610	3578743737,433
7835,000	3578744524,369	35,512	3578744559,880	0,110	3578744559,990	1,810	3578744561,801	0,440	3578744562,241	6,810	3578744569,050
3793,000	3578746047,110	45,102	3578746092,212	0,110	3578746092,322	1,890	3578746094,212	0,440	3578746094,652	6,911	3578746101,563
7829,000	3578746463,546	38,482	3578746502,028	0,110	3578746502,138	1,840	3578746503,978	0,440	3578746504,418	6,660	3578746511,078
910,000	3578747200,345	40,959	3578747241,304	0,110	3578747241,414	1,909	3578747243,323	0,440	3578747243,763	6,660	3578747250,423
7491,000	3578747833,006	44,948	3578747877,954	0,110	3578747878,064	1,820	3578747879,884	0,440	3578747880,324	6,610	3578747886,934
7496,000	3578748272,622	38,311	3578748310,933	0,110	3578748311,043	1,740	3578748312,783	0,440	3578748313,223	6,561	3578748319,783
3799,000	3578748705,745	46,523	3578748752,268	0,110	3578748752,378	1,920	3578748754,298	0,440	3578748754,738	6,661	3578748761,399
3820,000	3578749048,603	40,612	3578749089,215	0,110	3578749089,325	1,840	3578749091,166	0,440	3578749091,606	6,560	3578749098,165
3818,000	3578749454,419	38,732	3578749493,151	0,110	3578749493,261	1,820	3578749495,081	0,440	3578749495,521	6,710	3578749502,231
7681,000	3578749914,513	40,071	3578749954,584	0,110	3578749954,694	1,910	3578749956,604	0,440	3578749957,044	6,811	3578749963,855
3812,000	3578750283,426	38,582	3578750322,008	0,110	3578750322,118	1,810	3578750323,928	0,440	3578750324,368	6,611	3578750330,979
9606,000	3578750730,664	38,404	3578750769,068	0,110	3578750769,178	1,852	3578750771,030	0,440	3578750771,470	6,659	3578750778,129
7494,000	3578751324,043	39,148	3578751363,191	0,110	3578751363,301	1,850	3578751365,151	0,440	3578751365,591	6,810	3578751372,401
7678,000	3578751838,531	40,201	3578751878,732	0,110	3578751878,842	1,900	3578751880,743	0,440	3578751881,183	6,861	3578751888,043
905,000	3578752270,435	43,052	3578752313,488	0,110	3578752313,598	1,860	3578752315,458	0,440	3578752315,898	6,851	3578752322,749
7836,000	3578752705,738	42,433	3578752748,171	0,110	3578752748,281	1,839	3578752750,120	0,440	3578752750,560	6,711	3578752757,271
9605,000	3578753109,391	38,742	3578753148,133	0,110	3578753148,243	1,900	3578753150,143	0,440	3578753150,583	6,860	3578753157,443
5866,000	3578753443,085	35,792	3578753478,876	0,110	3578753478,986	1,920	3578753480,907	0,440	3578753481,347	7,010	3578753488,356
3797,000	3578753842,996	44,482	3578753887,478	0,110	3578753887,588	1,782	3578753889,370	0,440	3578753889,810	6,821	3578753896,631
9604,000	3578754344,822	43,198	3578754388,020	0,110	3578754388,130	1,780	3578754389,910	0,440	3578754390,350	7,009	3578754397,359
7824,000	3578754800,500	47,438	3578754847,938	0,110	3578754848,048	1,740	3578754849,788	0,440	3578754850,228	6,810	3578754857,038
1867,000	3578755834,289	38,242	3578755872,531	0,110	3578755872,641	1,890	3578755874,531	0,440	3578755874,971	6,710	3578755881,681
7881,000	3578756298,754	40,482	3578756339,236	0,110	3578756339,346	1,860	3578756341,206	0,440	3578756341,646	6,711	3578756348,356
7488,000	3578756735,127	46,422	3578756781,549	0,110	3578756781,659	1,810	3578756783,469	0,440	3578756783,909	6,810	3578756790,719
3794,000	3578757155,334	40,291	3578757195,625	0,110	3578757195,735	1,960	3578757197,695	0,440	3578757198,135	6,751	3578757204,886
9613,000	3578757623,937	36,802	3578757660,739	0,110	3578757660,849	1,909	3578757662,758	0,440	3578757663,198	6,861	3578757670,059
3808,000	3578758153,170	48,180	3578758201,350	0,110	3578758201,460	1,840	3578758203,300	0,440	3578758203,740	6,809	3578758210,549
3803,000	3578758649,201	45,267	3578758694,468	0,110	3578758694,578	1,840	3578758696,418	0,440	3578758696,858	6,710	3578758703,568
3805,000	3578759417,019	41,663	3578759458,682	0,110	3578759458,792	1,790	3578759460,583	0,440	3578759461,023	6,660	3578759467,682
7833,000	3578760047,523	44,992	3578760092,516	0,109	3578760092,625	1,790	3578760094,415	0,440	3578760094,855	7,061	3578760101,916
3793,000	3578760770,544	38,642	3578760809,186	0,110	3578760809,296	1,799	3578760811,095	0,440	3578760811,535	6,761	3578760818,295
901,000	3578762909,366	35,512	3578762944,877	0,110	3578762944,987	1,822	3578762946,809	0,440	3578762947,249	6,861	3578762954,110
7684,000	3578763259,308	37,223	3578763296,530	0,110	3578763296,640	1,891	3578763298,531	0,440	3578763298,971	6,961	3578763305,932
9601,000	3578763724,033	39,332	3578763763,365	0,110	3578763763,475	1,879	3578763765,354	0,440	3578763765,794	6,911	3578763772,705
7679,000	3578764270,652	49,783	3578764320,435	0,110	3578764320,545	1,830	3578764322,375	0,440	3578764322,815	7,010	3578764329,825
7492,000	3578764641,902	38,072	3578764679,974	0,110	3578764680,084	1,800	3578764681,884	0,440	3578764682,324	6,811	3578764689,134
9603,000	3578765153,359	40,974	3578765194,333	0,110	3578765194,443	1,810	3578765196,253	0,440	3578765196,693	7,008	3578765203,701
5110,000	3578767121,390	41,073	3578767162,463	0,110	3578767162,573	1,870	3578767164,443	0,440	3578767164,883	6,961	3578767171,844
7678,000	3578769862,389	38,462	3578769900,851	0,109	3578769900,960	1,780	3578769902,740	0,440	3578769903,180	7,161	3578769910,341
9605,000	3578771894,975	38,602	3578771933,577	0,110	3578771933,687	1,790	3578771935,477	0,440	3578771935,917	7,011	3578771942,928
7496,000	3578772282,333	37,215	3578772319,548	0,110	3578772319,658	1,840	3578772321,498	0,440	3578772321,938	6,859	3578772328,797
5866,000	3578777177,711	30,896	3578777208,607	0,111	3578777208,718	1,863	3578777210,582	0,442	3578777211,024	6,906	3578777217,929
3799,000	3578777641,649	41,492	3578777683,141	0,110	3578777683,251	1,801	3578777685,052	0,440	3578777685,492	7,162	3578777692,654
7494,000	3578778222,422	39,059	3578778261,481	0,110	3578778261,591	1,891	3578778263,482	0,440	3578778263,922	7,059	3578778270,981
910,000	3578778624,298	38,651	3578778662,949	0,110	3578778663,059	1,780	3578778664,839	0,440	3578778665,279	6,971	3578778672,250
7836,000	3578779217,712	48,603	3578779266,315	0,110	3578779266,425	1,800	3578779268,225	0,440	3578779268,665	7,110	3578779275,775
3812,000	3578779693,822	42,169	3578779735,991	0,110	3578779736,101	1,870	3578779737,971	0,440	3578779738,411	7,009	3578779745,420
3820,000	3578782575,926	43,081	3578782619,007	0,110	3578782619,117	1,872	3578782620,990	0,440	3578782621,430	7,011	3578782628,440
9606,000	3578784322,045	38,882	3578784360,927	0,110	3578784361,037	1,850	3578784362,887	0,440	3578784363,327	6,961	3578784370,288
9601,000	3578787343,229	38,028	3578787381,257	0,110	3578787381,367	1,860	3578787383,227	0,440	3578787383,667	6,959	3578787390,626
9613,000	3578788269,511	41,092	3578788310,604	0,110	3578788310,714	1,850	3578788312,564	0,440	3578788313,004	7,111	3578788320,115
7681,000	3578790433,164	47,078	3578790480,242	0,110	3578790480,352	1,860	3578790482,212	0,440	3578790482,652	6,910	3578790489,562
3818,000	3578790912,242	44,708	3578790956,950	0,110	3578790957,060	1,832	3578790958,892	0,440	3578790959,332	6,910	3578790966,242
9605,000	3578791378,614	40,438	3578791419,052	0,110	3578791419,162	1,800	3578791420,962	0,440	3578791421,402	6,909	3578791428,311
7491,000	3578791930,187	45,849	3578791976,036	0,110	3578791976,146	1,780	3578791977,926	0,440	3578791978,366	6,959	3578791985,325
