905,000	3579756650,565	52,628	3579756703,193	0,110	3579756703,303	1,720	3579756705,023	0,440	3579756705,463	6,703	3579756712,166
7881,000	3579758285,905	45,703	3579758331,607	0,110	3579758331,717	1,771	3579758333,489	0,440	3579758333,929	7,811	3579758341,739
9605,000	3579758615,309	37,492	3579758652,800	0,110	3579758652,910	1,790	3579758654,701	0,440	3579758655,141	7,511	3579758662,651
9606,000	3579760653,984	41,562	3579760695,546	0,110	3579760695,656	1,791	3579760697,447	0,440	3579760697,887	7,711	3579760705,598
3793,000	3579763470,385	45,648	3579763516,032	0,110	3579763516,142	1,802	3579763517,944	0,440	3579763518,384	7,707	3579763526,091
3805,000	3579764438,849	45,818	3579764484,667	0,110	3579764484,777	1,850	3579764486,627	0,440	3579764487,067	7,359	3579764494,426
7494,000	3579765118,916	40,048	3579765158,964	0,110	3579765159,074	1,871	3579765160,945	0,440	3579765161,385	7,560	3579765168,945
5110,000	3579770815,677	40,482	3579770856,159	0,110	3579770856,269	2,060	3579770858,329	0,440	3579770858,769	9,211	3579770867,980
7836,000	3579771327,227	55,333	3579771382,559	0,110	3579771382,669	1,783	3579771384,453	0,440	3579771384,893
7491,000	3579771792,445	40,522	3579771832,967	0,110	3579771833,077	1,747	3579771834,825	0,440	3579771835,265
9601,000	3579772219,704	39,972	3579772259,676	0,110	3579772259,786	1,802	3579772261,588	0,440	3579772262,028
7679,000	3579773012,574	42,001	3579773054,576	0,110	3579773054,686	1,784	3579773056,470	0,440	3579773056,910
3797,000	3579773439,359	39,612	3579773478,971	0,110	3579773479,081	1,813	3579773480,894	0,440	3579773481,334
901,000	3579774131,833	46,898	3579774178,731	0,110	3579774178,841	1,769	3579774180,610	0,440	3579774181,050
3812,000	3579774517,722	38,534	3579774556,256	0,110	3579774556,366	1,784	3579774558,150	0,440	3579774558,590
9604,000	3579775122,359	38,099	3579775160,458	0,110	3579775160,568	1,795	3579775162,363	0,440	3579775162,803
3803,000	3579777059,739	48,829	3579777108,568	0,110	3579777108,678	1,812	3579777110,490	0,440	3579777110,930
9605,000	3579777500,412	40,748	3579777541,160	0,110	3579777541,270	1,801	3579777543,071	0,440	3579777543,511
7488,000	3579782491,251	38,650	3579782529,901	0,110	3579782530,011	1,750	3579782531,761	0,440	3579782532,201	1,500	3579782533,701
3820,000	3579782860,064	41,214	3579782901,278	0,110	3579782901,388	1,801	3579782903,189	0,440	3579782903,629	3,260	3579782906,889
7496,000	3579783380,373	42,647	3579783423,020	0,110	3579783423,130	1,772	3579783424,902	0,440	3579783425,342	4,060	3579783429,402
7678,000	3579785036,924	37,003	3579785073,927	0,110	3579785074,037	1,761	3579785075,798	0,440	3579785076,238	5,312	3579785081,550
910,000	3579785500,323	41,391	3579785541,714	0,110	3579785541,824	1,751	3579785543,575	0,440	3579785544,015	5,161	3579785549,176
3799,000	3579786041,052	51,492	3579786092,544	0,110	3579786092,654	1,790	3579786094,444	0,440	3579786094,885	4,809	3579786099,694
7836,000	3579787168,408	40,266	3579787208,674	0,110	3579787208,784	1,860	3579787210,644	0,440	3579787211,084	4,910	3579787215,995
3818,000	3579787826,614	43,482	3579787870,096	0,110	3579787870,206	1,760	3579787871,966	0,440	3579787872,406	5,361	3579787877,767
9606,000	3579788287,315	38,432	3579788325,747	0,110	3579788325,857	1,841	3579788327,698	0,440	3579788328,138	5,761	3579788333,898
7881,000	3579789369,561	35,609	3579789405,170	0,110	3579789405,280	1,830	3579789407,110	0,440	3579789407,550	5,210	3579789412,760
1867,000	3579790315,943	38,493	3579790354,435	0,110	3579790354,545	1,810	3579790356,356	0,440	3579790356,796	5,161	3579790361,956
3808,000	3579790806,396	49,923	3579790856,319	0,110	3579790856,429	1,740	3579790858,169	0,440	3579790858,609	5,811	3579790864,419
3794,000	3579791547,930	38,992	3579791586,922	0,109	3579791587,031	1,820	3579791588,851	0,440	3579791589,291	5,561	3579791594,851
9603,000	3579792061,792	40,428	3579792102,220	0,110	3579792102,330	1,840	3579792104,170	0,440	3579792104,610	5,710	3579792110,320
3805,000	3579793216,985	42,249	3579793259,234	0,110	3579793259,344	1,760	3579793261,104	0,440	3579793261,544	5,760	3579793267,304
3812,000	3579793700,007	38,112	3579793738,119	0,110	3579793738,229	1,790	3579793740,019	0,440	3579793740,459	5,861	3579793746,320
9605,000	3579794890,137	34,592	3579794924,729	0,110	3579794924,839	1,839	3579794926,679	0,440	3579794927,119	5,711	3579794932,829
901,000	3579795425,135	39,862	3579795464,997	0,110	3579795465,107	1,840	3579795466,948	0,440	3579795467,388	5,660	3579795473,047
905,000	3579795945,435	47,926	3579795993,361	0,110	3579795993,471	1,730	3579795995,201	0,440	3579795995,641	5,810	3579796001,451
7679,000	3579797163,445	46,143	3579797209,588	0,110	3579797209,698	1,820	3579797211,518	0,440	3579797211,958	6,120	3579797218,078
7494,000	3579799521,128	36,858	3579799557,986	0,110	3579799558,096	1,799	3579799559,895	0,440	3579799560,335	6,060	3579799566,395
9601,000	3579799942,272	39,427	3579799981,699	0,110	3579799981,809	1,761	3579799983,570	0,440	3579799984,010	5,960	3579799989,970
3797,000	3579800382,511	39,408	3579800421,919	0,110	3579800422,029	1,860	3579800423,889	0,440	3579800424,329	6,170	3579800430,499
5110,000	3579805733,833	36,312	3579805770,145	0,110	3579805770,255	1,812	3579805772,067	0,440	3579805772,507	6,361	3579805778,868
3793,000	3579806410,475	45,162	3579806455,636	0,110	3579806455,746	1,750	3579806457,497	0,440	3579806457,937	6,415	3579806464,351
3803,000	3579807141,860	44,032	3579807185,893	0,110	3579807186,003	1,830	3579807187,833	0,440	3579807188,273	6,011	3579807194,283
7836,000	3579808147,771	42,822	3579808190,593	0,110	3579808190,703	1,820	3579808192,523	0,440	3579808192,963	6,010	3579808198,973
9604,000	3579809697,678	40,051	3579809737,729	0,110	3579809737,839	1,750	3579809739,589	0,440	3579809740,029	5,961	3579809745,989
7491,000	3579810899,894	41,128	3579810941,022	0,110	3579810941,132	1,869	3579810943,001	0,440	3579810943,441	6,160	3579810949,601
7496,000	3579811403,344	40,448	3579811443,792	0,110	3579811443,902	1,870	3579811445,772	0,440	3579811446,212	6,059	3579811452,271
7488,000	3579812870,048	50,738	3579812920,786	0,110	3579812920,896	1,840	3579812922,736	0,440	3579812923,176	6,160	3579812929,336
7679,000	3579813477,889	39,979	3579813517,868	0,110	3579813517,978	1,831	3579813519,809	0,440	3579813520,249	6,110	3579813526,359
3820,000	3579813885,901	40,037	3579813925,938	0,110	3579813926,048	1,841	3579813927,889	0,440	3579813928,329	6,363	3579813934,692
7824,000	3579814668,401	31,312	3579814699,713	0,110	3579814699,823	1,839	3579814701,662	0,440	3579814702,102	6,111	3579814708,213
3799,000	3579816116,596	43,518	3579816160,114	0,110	3579816160,224	1,730	3579816161,954	0,440	3579816162,394	6,310	3579816168,704
9605,000	3579816565,416	40,388	3579816605,804	0,110	3579816605,914	1,860	3579816607,774	0,440	3579816608,214	6,110	3579816614,324
7681,000	3579817065,992	45,809	3579817111,801	0,110	3579817111,911	1,840	3579817113,751	0,440	3579817114,191	6,360	3579817120,551
7678,000	3579818360,699	53,492	3579818414,191	0,110	3579818414,301	1,720	3579818416,021	0,440	3579818416,461	6,261	3579818422,722
901,000	3579820021,462	45,300	3579820066,762	0,110	3579820066,872	1,819	3579820068,691	0,440	3579820069,131	6,311	3579820075,442
9606,000	3579821146,507	40,511	3579821187,018	0,110	3579821187,128	1,814	3579821188,942	0,440	3579821189,383	6,217	3579821195,600
3805,000	3579823342,946	42,932	3579823385,878	0,110	3579823385,988	1,830	3579823387,818	0,440	3579823388,258	6,460	3579823394,718
7494,000	3579824627,076	39,769	3579824666,845	0,110	3579824666,955	1,751	3579824668,706	0,440	3579824669,146	6,309	3579824675,454
9601,000	3579826767,303	39,629	3579826806,932	0,110	3579826807,042	1,830	3579826808,872	0,440	3579826809,312	6,110	3579826815,422
7492,000	3579827410,480	47,017	3579827457,497	0,110	3579827457,607	1,871	3579827459,478	0,440	3579827459,918	6,469	3579827466,387
9603,000	3579828671,552	40,702	3579828712,254	0,110	3579828712,364	1,830	3579828714,194	0,440	3579828714,634	6,361	3579828720,995
7684,000	3579830898,997	34,881	3579830933,879	0,110	3579830933,989	1,810	3579830935,799	0,440	3579830936,239	6,460	3579830942,699
3812,000	3579831484,172	47,573	3579831531,745	0,110	3579831531,855	1,710	3579831533,565	0,440	3579831534,005	6,360	3579831540,365
3808,000	3579832128,232	52,908	3579832181,140	0,110	3579832181,250	1,770	3579832183,020	0,440	3579832183,460	6,309	3579832189,769
7836,000	3579832650,391	46,568	3579832696,959	0,110	3579832697,069	1,760	3579832698,829	0,440	3579832699,269	6,160	3579832705,429
3818,000	3579833833,387	46,673	3579833880,059	0,110	3579833880,170	1,750	3579833881,920	0,440	3579833882,360	6,261	3579833888,620
9605,000	3579834259,366	42,011	3579834301,378	0,110	3579834301,488	1,801	3579834303,289	0,440	3579834303,729	6,401	3579834310,130
7679,000	3579835012,244	45,552	3579835057,795	0,110	3579835057,905	1,710	3579835059,615	0,440	3579835060,055	6,161	3579835066,216
3803,000	3579835551,847	42,456	3579835594,303	0,110	3579835594,413	1,771	3579835596,184	0,440	3579835596,624	6,310	3579835602,934
910,000	3579836128,679	47,840	3579836176,519	0,110	3579836176,629	1,760	3579836178,389	0,440	3579836178,829	6,310	3579836185,139
